2.04113
-0.633702
1.6986
1.79064
2.46988
-1.81469
-0.988663
1.60938
-1.33335
0.32382
-0.135618
0.773226
-0.811293
0.0804055
2.71338
2.49717
0.81427
1.30378
-2.15038
0.641813
-2.9022
-1.54268
-2.17661
1.82506
-2.05993
-0.594334
-2.22126
-2.34715
2.99355
-1.69046
0.0775944
2.03467
0.675839
-1.22381
0.825314
0.145723
-0.0385021
2.83665
-1.2449
1.62815
0.16047
1.61948
-0.598628
2.34918
-1.30011
-0.88525
1.84635
2.51416
-2.58147
2.69596
0.155972
-2.48366
-1.84672
0.979362
2.3414
-0.906642
-2.61497
-2.87986
-0.25379
-2.62142
-1.57032
2.8238
2.41325
2.10552
-1.40001
0.238562
-0.748758
1.56149
0.0752122
1.00634
0.189639
-2.76432
-0.374174
2.59101
2.58486
1.32571
-1.29424
1.43121
0.839873
-0.875708
1.12717
-2.00416
-0.359373
2.28045
1.97521
-1.01798
-1.62619
2.36023
-0.897839
1.12002
2.73881
0.531841
0.943824
2.15206
-0.36264
2.54382
-0.60938
1.8886
1.10531
2.46583
-2.8883
-2.65518
-2.79415
-2.68984
-2.8605
-2.46653
-2.91071
-2.95107
-2.65672
-2.62887
-2.13803
-1.94833
-2.04187
-2.32077
-2.29506
-1.99138
-1.81097
-1.94564
-2.27663
-2.35345
-1.70595
-1.4328
-1.6247
-1.72282
-1.30769
-1.72248
-1.75016
-1.38665
-1.74471
-1.71767
-1.0728
-1.03301
-0.772856
-0.866942
-0.722853
-0.63336
-0.933474
-0.633563
-1.18443
-1.19019
-0.262431
-0.322463
-0.138525
-0.504297
-0.243234
-0.0335803
-0.095676
-0.254204
-0.179224
-0.572306
0.392343
0.514828
0.394891
0.56764
0.592009
0.287197
0.0451626
0.0418451
0.10055
0.100454
0.724171
0.827755
0.867445
1.15132
1.16081
0.744592
1.11796
0.827339
0.711029
1.13352
1.43714
1.6486
1.41106
1.29862
1.7443
1.76783
1.26504
1.64862
1.51362
1.68582
2.27632
1.90597
2.20064
2.07121
1.87361
2.19265
2.35841
1.91877
2.2345
1.85896
2.61922
2.95867
2.68671
2.88667
2.90998
2.64753
2.43126
2.82794
2.87487
2.54229
-2.53479
-2.13146
-1.26281
-0.894111
-1.05629
-0.238884
-0.360828
-0.278883
-0.469233
-0.52754
-0.359743
0.480306
0.033351
0.53699
0.414835
0.547239
0.417322
0.183303
0.351362
0.525835
0.432526
0.344727
0.0248369
1.14005
1.16975
0.746083
0.940937
0.809
0.988973
0.903016
1.05467
0.85418
1.17156
0.991857
1.16007
0.715267
0.752973
0.799241
1.03638
0.88374
0.871701
0.676641
0.764046
1.50505
1.21363
1.77888
1.45229
1.63095
1.36218
1.20365
1.55679
1.79471
1.54838
1.58162
1.73476
1.51813
1.72771
1.4757
1.72713
1.51668
1.77872
1.5818
1.77086
1.75028
1.97365
2.33093
1.86554
2.12663
1.93017
2.30193
1.81037
2.20187
2.37857
1.97441
1.90692
2.3922
1.95329
2.15921
2.22315
2.11548
2.16287
1.97994
2.11019
1.91125
2.36156
2.64495
2.82938
2.88927
2.92065
2.75651
2.60595
2.89936
2.53831
2.57681
2.84964
2.71196
2.50774
2.91518
2.43859
2.6379
2.81711
2.44896
2.43978
2.79568
2.62337
2.5467
