0 0.000423107 -2.22883e-06 
0.01 -0.00123527 -0.00059369 
0.02 -0.00225348 -0.00139398 
0.03 -0.00176295 -0.00236373 
0.04 -0.00398535 -0.00341154 
0.05 -0.00454252 -0.0043866 
0.06 -0.0064234 -0.00507998 
0.07 -0.00647106 -0.00523801 
0.08 -0.00374198 -0.00459029 
0.09 -0.00446825 -0.00289252 
0.1 0.00162681 1.84273e-05 
0.11 0.00309652 0.00416308 
0.12 0.00935354 0.00936098 
0.13 0.0150391 0.0151872 
0.14 0.0217837 0.0209573 
0.15 0.0268403 0.0257522 
0.16 0.0284497 0.0284931 
0.17 0.0276506 0.0280668 
0.18 0.0236313 0.0234967 
0.19 0.0141004 0.0141423 
0.2 0.000792699 -9.93292e-05 
0.21 -0.0179795 -0.0186242 
0.22 -0.0405624 -0.0400218 
0.23 -0.060161 -0.0620802 
0.24 -0.0839811 -0.0819217 
0.25 -0.0964194 -0.0962784 
0.26 -0.100591 -0.101893 
0.27 -0.0976527 -0.0960083 
0.28 -0.0761488 -0.0768826 
0.29 -0.0466397 -0.0442539 
0.3 0.00161654 0.000332915 
0.31 0.0543518 0.053415 
0.32 0.109803 0.10977 
0.33 0.161409 0.162867 
0.34 0.20597 0.205581 
0.35 0.231921 0.231107 
0.36 0.23231 0.233947 
0.37 0.209793 0.21084 
0.38 0.158729 0.161479 
0.39 0.088248 0.0888778 
0.4 0.000414504 -0.000694188 
0.41 -0.0975775 -0.0982527 
0.42 -0.1966 -0.193069 
0.43 -0.275467 -0.273961 
0.44 -0.331107 -0.330742 
0.45 -0.357509 -0.355614 
0.46 -0.344936 -0.34431 
0.47 -0.296156 -0.296795 
0.48 -0.217359 -0.217414 
0.49 -0.115078 -0.114446 
0.5 0.000643296 0.000884457 
0.51 0.117125 0.115817 
0.52 0.21104 0.217667 
0.53 0.292816 0.295435 
0.54 0.342253 0.341168 
0.55 0.349783 0.350889 
0.56 0.324553 0.324979 
0.57 0.263886 0.267965 
0.58 0.187066 0.187772 
0.59 0.0962932 0.0945551 
0.6 -0.000614984 -0.000685565 
0.61 -0.0880196 -0.0875258 
0.62 -0.158682 -0.157357 
0.63 -0.202595 -0.204297 
0.64 -0.225154 -0.225664 
0.65 -0.223883 -0.222002 
0.66 -0.191579 -0.196667 
0.67 -0.154185 -0.155114 
0.68 -0.103866 -0.103971 
0.69 -0.0501237 -0.0500895 
0.7 0.000175576 0.00032494 
0.71 0.0423473 0.0423787 
0.72 0.0733863 0.0728936 
0.73 0.0908774 0.090531 
0.74 0.096299 0.0956593 
0.75 0.0886895 0.0900234 
0.76 0.0758608 0.0762924 
0.77 0.0568128 0.0575665 
0.78 0.0372478 0.0369179 
0.79 0.0172573 0.0170209 
0.8 -2.81897e-05 -9.58749e-05 
0.81 -0.013199 -0.0131642 
0.82 -0.0221541 -0.02167 
0.83 -0.0257504 -0.0257507 
0.84 -0.0263949 -0.0260316 
0.85 -0.0232975 -0.0234356 
0.86 -0.0189633 -0.018998 
0.87 -0.0137919 -0.0137106 
0.88 -0.00814234 -0.00840901 
0.89 -0.00364424 -0.00370801 
0.9 1.4711e-05 1.76003e-05 
0.91 0.00263706 0.00261599 
0.92 0.00416115 0.00411626 
0.93 0.00470566 0.00467385 
0.94 0.0045917 0.00451423 
0.95 0.00383565 0.00388313 
0.96 0.0030158 0.00300849 
0.97 0.00212265 0.00207613 
0.98 0.00122603 0.00121862 
0.99 0.000515297 0.000514957 
1 -2.02702e-06 -2.12043e-06 
1.01 -0.000335877 -0.000334807 
1.02 -0.000513622 -0.000507808 
1.03 -0.000542549 -0.000557098 
1.04 -0.000499304 -0.000521156 
1.05 -0.000427156 -0.000435106 
1.06 -0.000314385 -0.000327555 
1.07 -0.000203763 -0.000219526 
1.08 -0.000113907 -0.000124753 
1.09 -4.6871e-05 -5.07018e-05 
1.1 1.77455e-07 1.57541e-07 
1.11 2.72925e-05 2.90738e-05 
1.12 3.93686e-05 3.98213e-05 
1.13 4.11067e-05 3.75956e-05 
1.14 3.54236e-05 2.79894e-05 
1.15 2.88187e-05 1.60832e-05 
1.16 2.04234e-05 5.72753e-06 
1.17 1.27403e-05 -8.82512e-07 
1.18 6.83821e-06 -3.2707e-06 
1.19 2.59116e-06 -2.37596e-06 
1.2 -1.14091e-08 3.34899e-08 
1.21 -1.3916e-06 2.06918e-06 
1.22 -2.01029e-06 2.36157e-06 
1.23 -1.96617e-06 4.58993e-07 
1.24 -1.66497e-06 -3.10982e-06 
1.25 -1.24585e-06 -7.10272e-06 
1.26 -8.53411e-07 -1.00535e-05 
1.27 -5.09013e-07 -1.08121e-05 
1.28 -2.63912e-07 -8.95529e-06 
1.29 -9.66675e-08 -4.93651e-06 
1.3 2.65432e-10 6.74674e-08 
1.31 4.86766e-08 4.55329e-06 
1.32 6.40943e-08 7.19367e-06 
1.33 6.13217e-08 7.27583e-06 
1.34 4.95137e-08 4.93092e-06 
1.35 3.55869e-08 1.08114e-06 
1.36 2.29304e-08 -2.87371e-06 
1.37 1.32915e-08 -5.52297e-06 
1.38 6.5264e-09 -5.90891e-06 
1.39 2.32056e-09 -3.83496e-06 
1.4 -5.39007e-12 8.09976e-08 
1.41 -1.03992e-09 4.62175e-06 
1.42 -1.29696e-09 8.37976e-06 
1.43 -1.20905e-09 1.02226e-05 
1.44 -9.26347e-10 9.66107e-06 
1.45 -6.28746e-10 7.00079e-06 
1.46 -3.95034e-10 3.23031e-06 
1.47 -2.19672e-10 -3.13339e-07 
1.48 -1.04719e-10 -2.38878e-06 
1.49 -3.4993e-11 -2.25684e-06 
1.5 5.93005e-14 8.33992e-08 
1.51 1.4387e-11 3.90398e-06 
1.52 1.7364e-11 7.99648e-06 
1.53 1.51765e-11 1.10747e-05 
1.54 1.13462e-11 1.21974e-05 
1.55 7.4823e-12 1.10727e-05 
1.56 4.5196e-12 8.14565e-06 
1.57 2.39842e-12 4.44281e-06 
1.58 1.02523e-12 1.22893e-06 
1.59 3.38938e-13 -4.10622e-07 
1.6 -5.10092e-16 7.65881e-08 
1.61 -1.28965e-13 2.53532e-06 
1.62 -1.45944e-13 6.16168e-06 
1.63 -1.26465e-13 9.77377e-06 
1.64 -8.7873e-14 1.2203e-05 
1.65 -5.50673e-14 1.26766e-05 
1.66 -3.10143e-14 1.1066e-05 
1.67 -1.57317e-14 7.92249e-06 
1.68 -6.81493e-15 4.28917e-06 
1.69 -2.12516e-15 1.35473e-06 
1.7 3.75894e-18 6.30439e-08 
1.71 7.3751e-16 8.06847e-07 
1.72 7.87279e-16 3.30482e-06 
1.73 6.45495e-16 6.7002e-06 
1.74 4.21912e-16 9.84658e-06 
1.75 2.54795e-16 1.16856e-05 
1.76 1.39547e-16 1.15922e-05 
1.77 6.93451e-17 9.57524e-06 
1.78 2.78647e-17 6.26915e-06 
1.79 8.4048e-18 2.72101e-06 
1.8 -8.19994e-21 4.50273e-08 
1.81 -2.66409e-18 -9.42137e-07 
1.82 -2.76306e-18 1.42817e-08 
1.83 -2.14495e-18 2.52848e-06 
1.84 -1.40795e-18 5.70529e-06 
1.85 -8.02126e-19 8.43669e-06 
1.86 -4.18968e-19 9.76559e-06 
1.87 -1.85461e-19 9.19758e-06 
1.88 -7.66106e-20 6.8594e-06 
1.89 -2.13762e-20 3.45337e-06 
1.9 1.23855e-23 2.42925e-08 
1.91 6.2868e-21 -2.38397e-06 
1.92 6.12147e-21 -3.06934e-06 
1.93 4.60846e-21 -1.89865e-06 
1.94 2.87598e-21 6.52398e-07 
1.95 1.59485e-21 3.6583e-06 
1.96 7.68707e-22 6.04873e-06 
1.97 3.53412e-22 6.95917e-06 
1.98 1.36378e-22 6.01244e-06 
1.99 4.04409e-23 3.43966e-06 
2 2.06652e-27 2.07483e-09 
