0 6.27546e-05 2.71473e-08 
0.01 0.000131881 -1.50586e-06 
0.02 -0.00032547 -2.52651e-06 
0.03 0.000190734 -2.74339e-06 
0.04 -0.000597491 -2.13003e-06 
0.05 -0.000402593 -9.31574e-07 
0.06 0.000209617 4.17542e-07 
0.07 0.00017293 1.43724e-06 
0.08 0.000512937 1.75936e-06 
0.09 -0.000135826 1.24743e-06 
0.1 0.000203555 3.97265e-08 
0.11 -0.000249227 -1.4978e-06 
0.12 4.3308e-05 -2.89291e-06 
0.13 8.489e-06 -3.72222e-06 
0.14 0.000398513 -3.74942e-06 
0.15 0.000333527 -3.00116e-06 
0.16 0.000307495 -1.7565e-06 
0.17 -0.000156635 -4.53738e-07 
0.18 -0.000169296 4.54111e-07 
0.19 0.000759043 6.47696e-07 
0.2 0.000149538 4.49313e-08 
0.21 -0.000870196 -1.17373e-06 
0.22 -4.84829e-05 -2.62607e-06 
0.23 4.70419e-05 -3.8545e-06 
0.24 7.17704e-06 -4.47616e-06 
0.25 0.000117723 -4.30765e-06 
0.26 0.000175856 -3.42364e-06 
0.27 -0.00118731 -2.13065e-06 
0.28 0.000199025 -8.65262e-07 
0.29 -0.000159013 -5.04613e-08 
0.3 -7.23325e-05 4.26114e-08 
0.31 0.000692824 -6.17697e-07 
0.32 -0.000105671 -1.8148e-06 
0.33 -0.000215443 -3.15632e-06 
0.34 0.000317495 -4.20356e-06 
0.35 0.000636886 -4.61521e-06 
0.36 -8.3839e-05 -4.2583e-06 
0.37 8.00564e-06 -3.25027e-06 
0.38 0.000125855 -1.91897e-06 
0.39 -0.000246508 -6.94127e-07 
0.4 -0.000636627 3.37495e-08 
0.41 -0.000343257 4.06671e-08 
0.42 -0.000315976 -6.58775e-07 
0.43 -5.91984e-05 -1.81778e-06 
0.44 0.00050717 -3.03953e-06 
0.45 0.00041694 -3.9079e-06 
0.46 0.000637654 -4.12352e-06 
0.47 6.55304e-05 -3.60085e-06 
0.48 -0.000184642 -2.49473e-06 
0.49 -0.000764 -1.14831e-06 
0.5 7.6211e-05 2.02294e-08 
0.51 -0.000215963 6.54636e-07 
0.52 4.25721e-05 5.76442e-07 
0.53 0.000204148 -1.58032e-07 
0.54 -0.000118254 -1.27769e-06 
0.55 -0.000443506 -2.38663e-06 
0.56 0.000267476 -3.09427e-06 
0.57 -6.09473e-05 -3.14278e-06 
0.58 -0.000537241 -2.49045e-06 
0.59 0.000331891 -1.32384e-06 
0.6 0.000317307 4.48479e-09 
0.61 -5.84597e-05 1.09204e-06 
0.62 -0.00026194 1.61792e-06 
0.63 -0.000238315 1.44681e-06 
0.64 0.000165776 6.71779e-07 
0.65 -0.000774991 -4.17715e-07 
0.66 -0.000100788 -1.43163e-06 
0.67 0.000273398 -2.00728e-06 
0.68 -0.000444079 -1.92756e-06 
0.69 -4.43208e-05 -1.19095e-06 
0.7 -0.000144298 -1.08827e-08 
0.71 2.34742e-05 1.25488e-06 
0.72 0.000360178 2.22139e-06 
0.73 0.000228541 2.60182e-06 
0.74 0.000144616 2.30038e-06 
0.75 -0.000258437 1.44285e-06 
0.76 -0.000531983 3.35714e-07 
0.77 -2.99501e-06 -6.32199e-07 
0.78 0.000676772 -1.11297e-06 
0.79 2.22054e-05 -9.07634e-07 
0.8 -4.87537e-05 -2.44513e-08 
0.81 0.00056141 1.33016e-06 
0.82 -0.000332541 2.82297e-06 
0.83 -1.28911e-06 4.1016e-06 
0.84 0.000296676 4.90047e-06 
0.85 0.000261948 5.10754e-06 
0.86 8.29682e-05 4.7678e-06 
0.87 -0.000297322 4.0216e-06 
0.88 -0.000138223 2.99932e-06 
0.89 -0.000332422 1.71217e-06 
0.9 -0.000246515 -1.55329e-08 
0.91 -0.000507217 -2.53485e-06 
0.92 -0.000387498 -6.26426e-06 
0.93 9.67839e-05 -1.14952e-05 
0.94 0.000195477 -1.81487e-05 
0.95 -0.000217133 -2.55405e-05 
0.96 -0.000183061 -3.22219e-05 
0.97 -5.427e-05 -3.5959e-05 
0.98 -0.00035962 -3.3896e-05 
0.99 0.000532557 -2.29244e-05 
1 0.000170341 -2.50191e-07 
1.01 2.19929e-05 3.5882e-05 
1.02 -0.000420566 8.53815e-05 
1.03 -0.000652924 0.000145527 
1.04 0.000468785 0.000210342 
1.05 0.000157003 0.000270302 
1.06 0.000991771 0.000312542 
1.07 -9.8749e-05 0.000321738 
1.08 0.000773743 0.000281788 
1.09 0.000441836 0.000178295 
1.1 -8.19577e-06 1.75723e-06 
1.11 -0.000637479 -0.000248868 
1.12 -0.000854154 -0.00056273 
1.13 -0.000376441 -0.000914469 
1.14 -0.00126705 -0.00126321 
1.15 -0.00199606 -0.00155392 
1.16 -0.00163395 -0.00172173 
1.17 -0.00138029 -0.00169939 
1.18 -0.00170781 -0.00142749 
1.19 -0.00122496 -0.000866586 
1.2 -4.18185e-05 -9.4766e-06 
1.21 0.0010451 0.00110834 
1.22 0.00229155 0.00240242 
1.23 0.0039555 0.00373953 
1.24 0.00503297 0.00494572 
1.25 0.00609379 0.00582297 
1.26 0.00632815 0.00617349 
1.27 0.00554964 0.00582945 
1.28 0.00503235 0.00468427 
1.29 0.00273479 0.00272084 
1.3 0.000446588 3.13204e-05 
1.31 -0.00319644 -0.00317597 
1.32 -0.00649881 -0.00658613 
1.33 -0.00991886 -0.00980482 
1.34 -0.0123433 -0.0124014 
1.35 -0.0146903 -0.0139641 
1.36 -0.0148101 -0.0141594 
1.37 -0.01261 -0.0127883 
1.38 -0.00951512 -0.00982987 
1.39 -0.00602256 -0.00546329 
1.4 1.3556e-05 -6.45212e-05 
1.41 0.0051986 0.00582606 
1.42 0.0110775 0.0115618 
1.43 0.0168417 0.0164675 
1.44 0.0209456 0.0199267 
1.45 0.0216594 0.0214656 
1.46 0.0212385 0.0208227 
1.47 0.0191767 0.0179916 
1.48 0.0126814 0.0132304 
1.49 0.00672616 0.0070352 
1.5 -0.000453285 8.13669e-05 
1.51 -0.00695732 -0.00686149 
1.52 -0.0135104 -0.0130269 
1.53 -0.0185969 -0.0177487 
1.54 -0.0220683 -0.0205433 
1.55 -0.0213705 -0.0211672 
1.56 -0.0201396 -0.0196394 
1.57 -0.0160806 -0.01623 
1.58 -0.011232 -0.0114145 
1.59 -0.00623145 -0.00580421 
1.6 -0.000305794 -6.23518e-05 
1.61 0.00664267 0.00518175 
1.62 0.00949039 0.00940751 
1.63 0.01174 0.0122582 
1.64 0.0150704 0.01357 
1.65 0.0126485 0.013373 
1.66 0.0131494 0.0118676 
1.67 0.0081442 0.00938041 
1.68 0.00699041 0.00630984 
1.69 0.00276181 0.00306809 
1.7 -0.000308608 2.92507e-05 
1.71 -0.00198183 -0.00251091 
1.72 -0.00295732 -0.00435948 
1.73 -0.00531656 -0.00543402 
1.74 -0.00566758 -0.00575494 
1.75 -0.00554368 -0.00542583 
1.76 -0.00377243 -0.00460641 
1.77 -0.00279888 -0.00348302 
1.78 -0.00254952 -0.00224088 
1.79 -0.000858899 -0.00104168 
1.8 0.000572732 -8.49328e-06 
1.81 -0.000110447 0.000781435 
1.82 0.0018996 0.00129647 
1.83 0.00138704 0.00154454 
1.84 0.00163195 0.00156328 
1.85 0.0011485 0.00140844 
1.86 0.00153857 0.0011426 
1.87 -0.000259528 0.000825624 
1.88 0.000803753 0.000507746 
1.89 0.000239532 0.000225686 
1.9 0.000843226 1.55137e-06 
1.91 -0.000204618 -0.000155983 
1.92 -0.000528721 -0.000248969 
1.93 -0.0002053 -0.000286744 
1.94 3.03924e-06 -0.000282442 
1.95 0.000207748 -0.000249988 
1.96 -0.000326374 -0.000201875 
1.97 0.00035784 -0.000147836 
1.98 0.00021551 -9.43443e-05 
1.99 -0.000703317 -4.47925e-05 
2 0.000969846 -1.34853e-07 
