-0 -0.104528 -0.207912 -0.309017 -0.406737 -0.5 -0.587785 -0.669131 -0.743145 -0.809017 -0.866025 -0.913545 -0.951057 -0.978148 -0.994522 -1 -0.994522 -0.978148 -0.951057 -0.913545 -0.866025 -0.809017 -0.743145 -0.669131 -0.587785 -0.5 -0.406737 -0.309017 -0.207912 -0.104528 -1.22465e-16 
0.104528 -0.00103634 -0.103545 -0.211796 -0.30268 -0.391521 -0.479344 -0.564385 -0.632184 -0.704954 -0.761451 -0.813744 -0.851003 -0.880747 -0.903399 -0.912625 -0.908182 -0.901404 -0.872863 -0.849028 -0.805947 -0.757916 -0.70232 -0.638957 -0.568919 -0.497027 -0.422305 -0.342605 -0.265529 -0.205749 0 
0.207912 0.100614 0.00163405 -0.100116 -0.203766 -0.29489 -0.380785 -0.460118 -0.536494 -0.604826 -0.660076 -0.722256 -0.756581 -0.789925 -0.808806 -0.82756 -0.827979 -0.815725 -0.805242 -0.789078 -0.755329 -0.713668 -0.668386 -0.618178 -0.561542 -0.496984 -0.435834 -0.370432 -0.323888 -0.28676 0 
0.309017 0.200853 0.0985974 -0.00646046 -0.0918768 -0.196807 -0.288787 -0.371753 -0.434979 -0.511653 -0.56692 -0.617576 -0.668161 -0.699421 -0.715698 -0.741862 -0.754823 -0.752143 -0.739339 -0.729201 -0.704523 -0.66726 -0.63805 -0.586998 -0.550082 -0.500042 -0.449981 -0.404843 -0.357412 -0.328175 0 
0.406737 0.304678 0.185555 0.0993748 -0.00722995 -0.109201 -0.197194 -0.279579 -0.349279 -0.417781 -0.470403 -0.543985 -0.582358 -0.619426 -0.645031 -0.672653 -0.692466 -0.692847 -0.680572 -0.6775 -0.655482 -0.638936 -0.610474 -0.575782 -0.540287 -0.505708 -0.454901 -0.419519 -0.392588 -0.373354 0 
0.5 0.386401 0.282103 0.180979 0.0779154 -0.0189027 -0.106503 -0.184517 -0.269624 -0.33309 -0.398547 -0.460359 -0.506216 -0.54439 -0.577732 -0.591219 -0.620714 -0.630471 -0.636847 -0.639138 -0.615723 -0.600469 -0.572866 -0.558315 -0.517043 -0.491132 -0.458414 -0.435501 -0.417194 -0.401764 0 
0.587785 0.467031 0.368703 0.260653 0.171231 0.0784385 -0.0119326 -0.102831 -0.172584 -0.25339 -0.327876 -0.389873 -0.435819 -0.468402 -0.51898 -0.547353 -0.563012 -0.570986 -0.579383 -0.586114 -0.580939 -0.556915 -0.553304 -0.532998 -0.511412 -0.488748 -0.471274 -0.450431 -0.440392 -0.421655 0 
0.669131 0.547874 0.444137 0.350958 0.231482 0.14435 0.0552067 -0.0384667 -0.112241 -0.183694 -0.262659 -0.311885 -0.351714 -0.41159 -0.442333 -0.476081 -0.504132 -0.507779 -0.534213 -0.546602 -0.542279 -0.534447 -0.536569 -0.512716 -0.502186 -0.489452 -0.474804 -0.451809 -0.447324 -0.438983 0 
0.743145 0.622784 0.518693 0.411478 0.310035 0.221421 0.133101 0.0331551 -0.0382581 -0.119637 -0.188314 -0.233153 -0.298496 -0.35062 -0.383668 -0.411273 -0.442662 -0.474938 -0.503672 -0.500863 -0.498789 -0.508237 -0.502579 -0.500487 -0.485661 -0.476135 -0.473879 -0.459398 -0.445382 -0.443012 0 
0.809017 0.691402 0.57987 0.480191 0.36567 0.27509 0.192195 0.0922846 0.00766956 -0.0591103 -0.113862 -0.166901 -0.224337 -0.275309 -0.333906 -0.354741 -0.379162 -0.418012 -0.44447 -0.453077 -0.474173 -0.475944 -0.481929 -0.47821 -0.482073 -0.477045 -0.471584 -0.464955 -0.464916 -0.461454 0 
0.866025 0.747775 0.632348 0.521004 0.41458 0.323679 0.227627 0.132996 0.0821333 -0.0208356 -0.0726364 -0.140661 -0.182516 -0.233591 -0.271392 -0.313722 -0.353125 -0.380259 -0.40098 -0.431196 -0.444188 -0.453443 -0.462773 -0.459236 -0.466647 -0.47618 -0.45878 -0.470818 -0.455658 -0.461983 0 
0.913545 0.80333 0.669064 0.572719 0.45837 0.368092 0.283161 0.194899 0.101493 0.0491012 -0.00643723 -0.089582 -0.149365 -0.192194 -0.228678 -0.269718 -0.306195 -0.338469 -0.384857 -0.399029 -0.423666 -0.441683 -0.453178 -0.455403 -0.45776 -0.460607 -0.454073 -0.458615 -0.455641 -0.458499 0 
0.951057 0.83335 0.721298 0.600575 0.513752 0.414825 0.303679 0.220836 0.168806 0.0873554 0.0176917 -0.0511214 -0.107643 -0.164385 -0.199156 -0.249617 -0.287128 -0.318039 -0.340701 -0.367762 -0.395849 -0.422374 -0.428372 -0.453238 -0.460402 -0.456701 -0.466923 -0.453192 -0.471472 -0.466371 0 
0.978148 0.863174 0.731212 0.647572 0.537254 0.436429 0.339772 0.261404 0.183902 0.100381 0.0444056 -0.0251449 -0.069415 -0.120461 -0.166591 -0.198682 -0.250882 -0.274616 -0.328369 -0.354355 -0.37905 -0.408092 -0.432024 -0.438009 -0.435682 -0.456184 -0.456853 -0.46644 -0.457427 -0.473501 0 
0.994522 0.875907 0.764893 0.64295 0.538583 0.4518 0.372481 0.279249 0.182532 0.139375 0.0594385 0.00768551 -0.0536324 -0.112034 -0.15018 -0.194681 -0.224809 -0.272717 -0.305977 -0.33375 -0.368796 -0.393487 -0.410871 -0.42119 -0.429551 -0.449308 -0.452805 -0.459474 -0.455108 -0.464538 0 
1 0.880642 0.761876 0.658517 0.553324 0.455853 0.370588 0.277618 0.20236 0.145946 0.0612419 0.016141 -0.0600874 -0.0875112 -0.145933 -0.185998 -0.204655 -0.256631 -0.307587 -0.328814 -0.358103 -0.394269 -0.410933 -0.425808 -0.430253 -0.454424 -0.455434 -0.453091 -0.458047 -0.473356 0 
0.994522 0.868403 0.75927 0.64512 0.551848 0.432707 0.349963 0.262599 0.184961 0.12377 0.0565307 -0.0125458 -0.0565559 -0.105104 -0.148563 -0.181408 -0.234039 -0.277908 -0.31955 -0.330594 -0.367287 -0.399308 -0.416126 -0.427428 -0.43319 -0.445593 -0.454881 -0.457525 -0.455467 -0.450892 0 
0.978148 0.852542 0.748692 0.643514 0.538933 0.44124 0.336455 0.265153 0.17151 0.119322 0.046892 -0.00641853 -0.0805986 -0.125855 -0.15204 -0.188887 -0.242705 -0.292399 -0.322432 -0.340722 -0.378135 -0.399439 -0.418393 -0.42814 -0.440748 -0.447088 -0.446375 -0.471793 -0.460387 -0.462836 0 
0.951057 0.826345 0.715055 0.606248 0.494019 0.400551 0.315274 0.244132 0.150761 0.0825782 0.0148121 -0.0300639 -0.0874136 -0.142324 -0.179393 -0.24458 -0.271699 -0.303858 -0.34881 -0.370817 -0.396612 -0.417978 -0.422795 -0.451318 -0.448013 -0.457147 -0.470858 -0.465869 -0.462366 -0.454341 0 
0.913545 0.794382 0.679195 0.572612 0.465394 0.37628 0.284436 0.18251 0.131084 0.0553082 -0.0101009 -0.0715503 -0.132834 -0.185172 -0.223661 -0.258314 -0.294672 -0.331136 -0.360689 -0.389679 -0.41626 -0.435899 -0.446936 -0.471773 -0.46183 -0.45469 -0.465783 -0.459134 -0.464264 -0.462186 0 
0.866025 0.744916 0.621033 0.523033 0.429191 0.320625 0.225566 0.142731 0.0710243 0.00723461 -0.0679885 -0.115651 -0.179282 -0.240054 -0.267049 -0.307458 -0.34458 -0.372756 -0.404988 -0.427828 -0.442536 -0.45244 -0.449888 -0.468794 -0.464229 -0.467835 -0.470601 -0.46732 -0.454978 -0.462645 0 
0.809017 0.690159 0.576047 0.476114 0.362119 0.279385 0.177018 0.103101 0.0121548 -0.0518737 -0.120372 -0.173703 -0.235507 -0.279656 -0.32393 -0.359871 -0.385606 -0.418781 -0.450185 -0.454155 -0.478981 -0.478657 -0.489813 -0.483619 -0.482837 -0.467282 -0.471252 -0.461199 -0.448058 -0.443126 0 
0.743145 0.6235 0.517724 0.414607 0.313822 0.217385 0.108861 0.0183427 -0.0433252 -0.111365 -0.170632 -0.233105 -0.296921 -0.339607 -0.384425 -0.40261 -0.437239 -0.470273 -0.487988 -0.498051 -0.49366 -0.51107 -0.497475 -0.499012 -0.483931 -0.480993 -0.460955 -0.455238 -0.446366 -0.450338 0 
0.669131 0.556341 0.445159 0.333676 0.249546 0.140615 0.0538693 -0.0368753 -0.107726 -0.175146 -0.232263 -0.294148 -0.350063 -0.39985 -0.44174 -0.473714 -0.483444 -0.500231 -0.519828 -0.540225 -0.541566 -0.545467 -0.52211 -0.5146 -0.508476 -0.488791 -0.463508 -0.45101 -0.440695 -0.435122 0 
0.587785 0.470676 0.365958 0.271138 0.153391 0.0688277 -0.0128058 -0.103756 -0.179012 -0.239366 -0.320009 -0.362539 -0.426528 -0.460824 -0.502769 -0.524063 -0.548375 -0.564833 -0.571749 -0.573196 -0.583982 -0.565779 -0.550391 -0.530363 -0.514375 -0.493446 -0.467231 -0.450009 -0.431599 -0.415069 0 
0.5 0.386817 0.29457 0.173381 0.0799301 -0.015312 -0.120195 -0.199593 -0.262871 -0.332869 -0.396625 -0.457428 -0.491504 -0.545372 -0.57122 -0.605985 -0.620774 -0.619025 -0.628345 -0.621843 -0.618652 -0.596254 -0.575219 -0.551783 -0.528055 -0.492188 -0.469915 -0.440704 -0.415623 -0.396462 0 
0.406737 0.292397 0.200422 0.0981422 -0.00640773 -0.108015 -0.192562 -0.265319 -0.352757 -0.427664 -0.48132 -0.533396 -0.581761 -0.613195 -0.651038 -0.673757 -0.685898 -0.683881 -0.695831 -0.685849 -0.651346 -0.63513 -0.615431 -0.571382 -0.535902 -0.496263 -0.453132 -0.420104 -0.393304 -0.367276 0 
0.309017 0.200926 0.0981701 -0.0191414 -0.10277 -0.195711 -0.265224 -0.358405 -0.440923 -0.50723 -0.568078 -0.629177 -0.662466 -0.700099 -0.730839 -0.739019 -0.754782 -0.751931 -0.741578 -0.723386 -0.700393 -0.670943 -0.631557 -0.598305 -0.546944 -0.491675 -0.445424 -0.401249 -0.360999 -0.330731 0 
0.207912 0.096849 0.00575845 -0.102175 -0.193812 -0.291168 -0.378634 -0.458949 -0.525887 -0.604403 -0.66092 -0.708614 -0.760247 -0.792179 -0.804389 -0.825759 -0.823294 -0.820827 -0.8092 -0.789387 -0.752611 -0.716647 -0.668337 -0.616645 -0.557768 -0.499517 -0.434795 -0.378881 -0.316695 -0.277792 0 
0.104528 0.00246989 -0.105584 -0.206592 -0.298959 -0.399219 -0.484639 -0.562637 -0.638186 -0.696752 -0.759923 -0.814741 -0.853643 -0.876509 -0.895931 -0.911801 -0.912863 -0.892879 -0.877392 -0.844972 -0.811518 -0.758749 -0.705867 -0.637554 -0.567767 -0.494335 -0.420567 -0.34089 -0.265401 -0.196733 0 
-0 -0.104528 -0.207912 -0.309017 -0.406737 -0.5 -0.587785 -0.669131 -0.743145 -0.809017 -0.866025 -0.913545 -0.951057 -0.978148 -0.994522 -1 -0.994522 -0.978148 -0.951057 -0.913545 -0.866025 -0.809017 -0.743145 -0.669131 -0.587785 -0.5 -0.406737 -0.309017 -0.207912 -0.104528 -1.22465e-16 
