100 1.0001 5114.73 2.50255
200 1.0004 4269.76 2.50452
300 1.00089 3863.92 2.50708
400 1.00158 3588.15 2.51212
500 1.00248 3345.99 2.51527
600 1.00356 3205.02 2.51868
700 1.00485 3086.15 2.52
800 1.00634 2976.95 2.52387
900 1.00802 2898.97 2.52818
1000 1.0099 2830.75 2.53183
1100 1.01198 2798.13 2.53467
1200 1.01426 2725.12 2.53829
1300 1.01673 2686.32 2.54142
1400 1.0194 2616.9 2.54521
1500 1.02228 2557.11 2.54872
1600 1.02534 2501.6 2.55394
1700 1.02861 2455.6 2.5547
1800 1.03208 2435.81 2.55511
1900 1.03574 2401.89 2.55736
2000 1.0396 2376.17 2.55887
2100 1.04366 2358.15 2.56273
2200 1.04792 2330.63 2.56828
2300 1.05237 2297.98 2.57019
2400 1.05702 2275.9 2.57205
2500 1.06188 2247.47 2.57481
2600 1.06692 2223.42 2.57686
2700 1.07217 2192.61 2.58019
2800 1.07762 2178.61 2.58211
2900 1.08326 2151.06 2.58654
3000 1.0891 2131.48 2.59048
3100 1.09514 2110.7 2.59351
3200 1.10138 2107.24 2.59424
3300 1.10781 2084.59 2.59734
3400 1.11444 2052.89 2.60006
3500 1.12128 2037 2.60343
3600 1.1283 2008.1 2.60831
3700 1.13553 1984.03 2.61131
3800 1.14296 1983.12 2.61366
3900 1.15058 1950.21 2.61709
4000 1.1584 1961.64 2.61778
4100 1.16642 1933.94 2.62064
4200 1.17464 1924.2 2.62391
4300 1.18305 1906.41 2.62776
4400 1.19166 1879.31 2.63203
4500 1.20047 1872.99 2.63428
4600 1.20948 1859.15 2.63752
4700 1.21869 1834.04 2.63938
4800 1.2281 1829.86 2.64295
4900 1.2377 1818.08 2.64568
5000 1.2475 1796.01 2.64892
5100 1.2575 1788.4 2.65215
5200 1.2677 1771.6 2.65642
5300 1.27809 1765.79 2.65792
5400 1.28868 1760.44 2.65789
5500 1.29947 1756.85 2.66151
5600 1.31046 1738.04 2.66462
5700 1.32165 1730.18 2.66958
5800 1.33304 1716.58 2.67449
5900 1.34462 1689.36 2.67829
6000 1.3564 1667.39 2.68103
6100 1.36838 1640.81 2.68553
6200 1.38056 1630.91 2.68926
6300 1.39293 1613.41 2.69374
6400 1.4055 1595.86 2.69567
6500 1.41827 1594.23 2.69778
6600 1.43124 1583.32 2.69994
6700 1.44441 1570.3 2.70536
6800 1.45778 1548.29 2.70905
6900 1.47134 1541.14 2.71035
7000 1.4851 1528.07 2.71374
7100 1.49906 1520.77 2.71926
7200 1.51322 1499.56 2.72257
7300 1.52757 1499.48 2.72641
7400 1.54212 1488.9 2.72987
7500 1.55688 1486.92 2.73203
7600 1.57182 1471.14 2.73509
7700 1.58697 1456.81 2.73854
7800 1.60232 1443.88 2.74201
7900 1.61786 1440.32 2.74535
8000 1.6336 1428.2 2.74838
8100 1.64954 1414.56 2.75111
8200 1.66568 1405.7 2.75354
8300 1.68201 1386.58 2.75909
8400 1.69854 1378.99 2.76294
8500 1.71528 1358.97 2.76808
8600 1.7322 1343.71 2.77214
8700 1.74933 1340.22 2.77675
8800 1.76666 1321.41 2.77971
8900 1.78418 1327.36 2.7821
9000 1.8019 1309.36 2.78554
9100 1.81982 1302.84 2.78908
9200 1.83794 1300.79 2.79094
9300 1.85625 1287.45 2.79552
9400 1.87476 1280.48 2.79924
9500 1.89348 1262.42 2.80295
9600 1.91238 1255.45 2.809
9700 1.93149 1239.2 2.81488
9800 1.9508 1229.53 2.81957
9900 1.9703 1219.18 2.82417
10000 1.99 1216.43 2.82655
10100 2.0099 1199.21 2.83051
10200 2.03 1200.8 2.83307
10300 2.05029 1190.29 2.83558
10400 2.07078 1179.98 2.83935
10500 2.09147 1172.24 2.8416
10600 2.11236 1165.87 2.84478
10700 2.13345 1159.57 2.84691
10800 2.15474 1156.13 2.84935
10900 2.17622 1150.91 2.85189
11000 2.1979 1142.2 2.85436
11100 2.21978 1142.71 2.85727
11200 2.24186 1135.85 2.86089
11300 2.26413 1121.46 2.86451
11400 2.2866 1115.15 2.87066
11500 2.30927 1099.5 2.87536
11600 2.33214 1100.6 2.87687
11700 2.35521 1100.17 2.87869
11800 2.37848 1085.98 2.88279
11900 2.40194 1073.18 2.88649
12000 2.4256 1072.12 2.89057
12100 2.44946 1058.72 2.89557
12200 2.47352 1051.52 2.89893
12300 2.49777 1046.25 2.90009
12400 2.52222 1045.4 2.90318
12500 2.54688 1035.77 2.90527
12600 2.57172 1030.7 2.90952
12700 2.59677 1020.24 2.91386
12800 2.62202 1015.63 2.91717
12900 2.64746 1010.09 2.91872
13000 2.6731 995.183 2.9254
13100 2.69894 983.965 2.93089
13200 2.72498 975.736 2.93736
13300 2.75121 962.921 2.94093
13400 2.77764 953.366 2.94681
13500 2.80428 942.717 2.95285
13600 2.8311 935.118 2.9572
13700 2.85813 928.859 2.96124
13800 2.88536 926.955 2.96355
13900 2.91278 915.086 2.96788
14000 2.9404 914.521 2.97128
14100 2.96822 905.148 2.97599
14200 2.99624 901.321 2.97865
14300 3.02445 889.774 2.98273
14400 3.05286 882.064 2.98723
14500 3.08147 873.006 2.99373
14600 3.11028 871.065 2.99707
14700 3.13929 861.778 3.00184
14800 3.1685 849.94 3.00685
14900 3.1979 850.544 3.01089
15000 3.2275 844.877 3.01338
15100 3.2573 842.079 3.01591
15200 3.2873 835.338 3.02076
15300 3.31749 818.013 3.02577
15400 3.34788 814.558 3.032
15500 3.37848 796.452 3.03888
15600 3.40926 783.016 3.04666
15700 3.44025 770.889 3.05205
15800 3.47144 760.914 3.05662
15900 3.50282 766.378 3.06134
16000 3.5344 760.572 3.06794
16100 3.56618 750.481 3.07451
16200 3.59816 743.58 3.07896
16300 3.63033 735.204 3.08178
16400 3.6627 738.618 3.08633
16500 3.69528 726.622 3.08951
16600 3.72804 724.685 3.09251
16700 3.76101 719.652 3.09792
16800 3.79418 710.042 3.10159
16900 3.82754 708.035 3.10612
17000 3.8611 686.638 3.10968
17100 3.89486 677.667 3.11424
17200 3.92882 682.032 3.11726
17300 3.96297 675.336 3.12058
17400 3.99732 668.387 3.12484
17500 4.03187 665.604 3.12978
17600 4.06662 628.788 3.13525
17700 4.10157 641.483 3.13789
17800 4.13672 637.192 3.14181
17900 4.17206 632.958 3.14658
18000 4.2076 641.049 3.15289
18100 4.24334 635.922 3.15713
18200 4.27928 631.441 3.16279
18300 4.31541 623.367 3.16839
18400 4.35174 602.09 3.1736
18500 4.38828 592.81 3.17668
18600 4.425 593.555 3.18301
18700 4.46193 592.734 3.18704
18800 4.49906 598.073 3.19236
18900 4.53638 592.331 3.19608
19000 4.5739 583.895 3.20236
19100 4.61162 568.065 3.20595
19200 4.64954 551.792 3.21262
19300 4.68765 556.861 3.21867
19400 4.72596 554.801 3.22187
19500 4.76448 557.846 3.23025
19600 4.80318 541.993 3.23359
19700 4.84209 546.912 3.24031
19800 4.8812 531.36 3.24589
19900 4.9205 524.996 3.24999
20000 4.96 517.442 3.25409
20100 4.9997 524.73 3.25576
20200 5.0396 488.759 3.26084
20300 5.07969 501.512 3.2669
20400 5.11998 512.804 3.27065
20500 5.16047 481.467 3.27353
20600 5.20116 481.13 3.27935
20700 5.24205 480.863 3.28206
20800 5.28314 461.559 3.28798
20900 5.32442 458.014 3.29182
21000 5.3659 451.236 3.29742
21100 5.40758 459.088 3.30234
21200 5.44946 453.399 3.30735
21300 5.49153 457.736 3.3111
21400 5.5338 452.815 3.31811
21500 5.57627 438.72 3.32305
21600 5.61894 445.049 3.32803
21700 5.66181 436.608 3.3341
21800 5.70488 423.98 3.34003
21900 5.74814 384.382 3.34756
22000 5.7916 362.448 3.35326
22100 5.83526 374.084 3.35779
22200 5.87912 374.561 3.36191
22300 5.92317 361.541 3.36846
22400 5.96742 356.302 3.37447
22500 6.01188 342.466 3.38127
22600 6.05652 310.235 3.38639
22700 6.10137 328.869 3.39133
22800 6.14642 312.49 3.39958
22900 6.19166 327.208 3.40519
23000 6.2371 300.526 3.41093
23100 6.28274 308.181 3.41859
23200 6.32858 340.209 3.42455
23300 6.37461 312.819 3.43151
23400 6.42084 313.963 3.43823
23500 6.46727 305.809 3.44419
23600 6.5139 301.392 3.4516
23700 6.56073 301.515 3.45608
23800 6.60776 320.626 3.45788
23900 6.65498 310.786 3.46687
24000 6.7024 308.991 3.47045
24100 6.75002 303.32 3.47469
24200 6.79784 300.716 3.47892
24300 6.84585 284.871 3.48618
24400 6.89406 277.505 3.49469
24500 6.94247 281.441 3.50081
24600 6.99108 278.125 3.50556
24700 7.03989 292.657 3.50898
24800 7.0889 275.341 3.51354
24900 7.1381 252.529 3.52302
25000 7.1875 245.787 3.53042
25100 7.2371 245.191 3.5357
25200 7.2869 242.213 3.54155
25300 7.33689 235.287 3.54908
25400 7.38708 231.888 3.55938
25500 7.43748 235.122 3.56492
25600 7.48806 222.442 3.57341
25700 7.53885 230.378 3.57925
25800 7.58984 223.99 3.586
25900 7.64102 205.373 3.59178
26000 7.6924 223.365 3.59782
26100 7.74398 218.939 3.60371
26200 7.79576 209.543 3.60931
26300 7.84773 204.849 3.61611
26400 7.8999 178.507 3.62018
26500 7.95228 173.088 3.62673
26600 8.00484 189.902 3.63298
26700 8.05761 194.399 3.63844
26800 8.11058 193.254 3.64251
26900 8.16374 193.759 3.65142
27000 8.2171 184.769 3.65962
27100 8.27066 191.708 3.66461
27200 8.32442 188.198 3.66879
27300 8.37837 183.898 3.676
27400 8.43252 175.416 3.68094
27500 8.48688 167.251 3.68617
27600 8.54142 165.164 3.69114
27700 8.59617 147.316 3.69574
27800 8.65112 141.957 3.70111
27900 8.70626 161.108 3.70302
28000 8.7616 139.224 3.71062
28100 8.81714 134.584 3.71466
28200 8.87288 120.689 3.72109
28300 8.92881 111.804 3.72648
28400 8.98494 99.489 3.73308
28500 9.04127 103.515 3.73774
28600 9.0978 91.9849 3.74315
28700 9.15453 96.7799 3.74322
28800 9.21146 86.5056 3.74994
28900 9.26858 120.002 3.75651
29000 9.3259 117.104 3.7645
29100 9.38342 106.033 3.76899
29200 9.44114 115.405 3.77285
29300 9.49905 111.516 3.77883
29400 9.55716 91.1136 3.78453
29500 9.61547 65.7642 3.79053
29600 9.67398 72.7044 3.79586
29700 9.73269 79.8776 3.80297
29800 9.7916 72.2688 3.80943
29900 9.8507 63.9544 3.81546
30000 9.91 62.9153 3.82071
30100 9.9695 40.8544 3.8239
30200 10.0292 23.7001 3.83142
30300 10.0891 26.1208 3.83509
30400 10.1492 55.8967 3.84084
30500 10.2095 43.2142 3.84522
30600 10.27 59.7239 3.85395
30700 10.3307 42.9742 3.85974
30800 10.3915 66.7275 3.8672
30900 10.4526 51.0355 3.87323
31000 10.5139 25.4029 3.87954
31100 10.5754 33.9589 3.8838
31200 10.6371 24.5097 3.88618
31300 10.6989 23.2312 3.89201
31400 10.761 17.754 3.8979
31500 10.8233 50.6232 3.90511
31600 10.8857 35.21 3.90995
31700 10.9484 42.939 3.91445
31800 11.0113 41.7071 3.92278
31900 11.0743 49.9168 3.92668
32000 11.1376 34.9887 3.9298
32100 11.2011 45.6239 3.93688
32200 11.2647 28.2772 3.94393
32300 11.3286 15.9138 3.9503
32400 11.3926 16.3822 3.95146
32500 11.4569 27.1869 3.95796
32600 11.5213 -5.5286 3.96259
32700 11.586 0.196922 3.96543
32800 11.6508 -0.69566 3.97236
32900 11.7159 -16.7859 3.97844
33000 11.7811 -5.52017 3.98402
33100 11.8465 4.86161 3.98659
33200 11.9122 -3.2907 3.98866
33300 11.978 -31.4223 3.99418
33400 12.044 -38.8498 3.9978
33500 12.1103 -20.0117 3.99988
33600 12.1767 -51.7295 4.00336
33700 12.2433 -67.9502 4.00811
33800 12.3102 -56.7008 4.00994
33900 12.3772 -48.6478 4.01207
34000 12.4444 -101.511 4.01459
34100 12.5118 -108.062 4.01446
34200 12.5794 -125.82 4.01622
34300 12.6473 -99.6689 4.01757
34400 12.7153 -112.268 4.01853
34500 12.7835 -128.866 4.01959
34600 12.8519 -137.185 4.02179
34700 12.9205 -173.994 4.02472
34800 12.9893 -187.961 4.02725
34900 13.0583 -206.854 4.02428
35000 13.1275 -188.584 4.02683
35100 13.1969 -208.924 4.03144
35200 13.2665 -231.625 4.03228
35300 13.3363 -222.934 4.03269
35400 13.4063 -230.557 4.03538
35500 13.4765 -248.688 4.03481
35600 13.5469 -248.851 4.03791
35700 13.6175 -236.42 4.03661
35800 13.6882 -251.949 4.03941
35900 13.7592 -269.32 4.03956
36000 13.8304 -290.328 4.03944
36100 13.9018 -273.961 4.03795
36200 13.9734 -266.149 4.03785
36300 14.0451 -269.84 4.03857
36400 14.1171 -295.506 4.03554
36500 14.1893 -297.541 4.03481
36600 14.2616 -297.448 4.03493
36700 14.3342 -277.207 4.03733
36800 14.407 -286.832 4.03512
36900 14.4799 -284.822 4.03369
37000 14.5531 -287.712 4.03378
37100 14.6265 -294.167 4.03352
37200 14.7 -297.427 4.03385
37300 14.7738 -303.07 4.03191
37400 14.8477 -317.766 4.03119
37500 14.9219 -304.131 4.02888
37600 14.9962 -310.239 4.03109
37700 15.0708 -297.735 4.03379
37800 15.1455 -295.858 4.0349
37900 15.2205 -334.143 4.03288
38000 15.2956 -321.209 4.03338
38100 15.3709 -321.372 4.03392
38200 15.4465 -318.898 4.03451
38300 15.5222 -315.48 4.03397
38400 15.5981 -324.256 4.03345
38500 15.6743 -323.156 4.03105
38600 15.7506 -314.645 4.03161
38700 15.8271 -307.261 4.03457
38800 15.9039 -337.871 4.03178
38900 15.9808 -311.553 4.03633
39000 16.0579 -336.818 4.04036
39100 16.1352 -333.274 4.0417
39200 16.2127 -324.243 4.04469
39300 16.2905 -315.423 4.0479
39400 16.3684 -335.542 4.04879
39500 16.4465 -335.668 4.05172
39600 16.5248 -342.317 4.05384
39700 16.6033 -330.294 4.05686
39800 16.682 -346.25 4.05958
39900 16.7609 -346.73 4.06273
40000 16.84 -346.431 4.06121
40100 16.9193 -352.16 4.06396
40200 16.9988 -338.455 4.06331
40300 17.0785 -342.533 4.06507
40400 17.1584 -343.405 4.0683
40500 17.2385 -351.55 4.06723
40600 17.3188 -352.979 4.06834
40700 17.3993 -353.117 4.07018
40800 17.4799 -353.928 4.07204
40900 17.5608 -345.254 4.0674
41000 17.6419 -353.369 4.0645
41100 17.7232 -343.424 4.06784
41200 17.8047 -354.111 4.06892
41300 17.8863 -354.255 4.06835
41400 17.9682 -354.336 4.06856
41500 18.0503 -356.224 4.06793
41600 18.1325 -344.659 4.06809
41700 18.215 -357.36 4.06745
41800 18.2977 -345.464 4.06446
41900 18.3805 -346.101 4.0705
42000 18.4636 -325.397 4.07187
42100 18.5469 -346.726 4.07224
42200 18.6303 -328.685 4.07222
42300 18.714 -356.547 4.06849
42400 18.7978 -359.037 4.06825
42500 18.8819 -359.212 4.06968
42600 18.9661 -360.156 4.06776
42700 19.0506 -326.941 4.06998
42800 19.1352 -358.877 4.07067
42900 19.2201 -358.288 4.07252
43000 19.3051 -335.248 4.07377
43100 19.3903 -360.334 4.07279
43200 19.4758 -360.321 4.06967
43300 19.5614 -346.385 4.05954
43400 19.6472 -346.952 4.06042
43500 19.7333 -347.729 4.0608
43600 19.8195 -331.939 4.06085
43700 19.9059 -310.348 4.05924
43800 19.9926 -341.907 4.06206
43900 20.0794 -336.461 4.0612
44000 20.1664 -342.09 4.06211
44100 20.2536 -342.512 4.06694
44200 20.341 -335.698 4.06753
44300 20.4287 -336.625 4.07241
44400 20.5165 -320.872 4.07194
44500 20.6045 -323.24 4.06815
44600 20.6927 -338.389 4.06759
44700 20.7811 -339.996 4.06815
44800 20.8697 -347.221 4.07041
44900 20.9585 -340.737 4.06768
45000 21.0475 -342.174 4.06858
45100 21.1367 -341.922 4.07001
45200 21.2261 -341.06 4.07197
45300 21.3157 -342.381 4.0696
45400 21.4055 -342.506 4.06975
45500 21.4955 -349.506 4.06919
45600 21.5857 -347.316 4.06801
45700 21.6761 -343.281 4.06588
45800 21.7666 -345.171 4.06536
45900 21.8574 -336.263 4.06161
46000 21.9484 -339.795 4.06193
46100 22.0396 -349.191 4.0635
46200 22.131 -353.466 4.06209
46300 22.2225 -340.287 4.06178
46400 22.3143 -349.453 4.06456
46500 22.4063 -345.412 4.06535
46600 22.4984 -356.425 4.06482
46700 22.5908 -347.815 4.06113
46800 22.6834 -350.197 4.06041
46900 22.7761 -342.414 4.06081
47000 22.8691 -357.568 4.06131
47100 22.9623 -346.845 4.06145
47200 23.0556 -354.165 4.05749
47300 23.1492 -355.471 4.05553
47400 23.2429 -355.913 4.05383
47500 23.3369 -350.09 4.05313
47600 23.431 -359.488 4.05238
47700 23.5254 -366.053 4.05105
47800 23.6199 -367.113 4.05251
47900 23.7147 -367.389 4.05368
48000 23.8096 -367.604 4.05321
48100 23.9047 -368.387 4.05505
48200 24.0001 -367.778 4.05364
48300 24.0956 -368.297 4.05189
48400 24.1913 -368.122 4.05395
48500 24.2873 -347.718 4.05441
48600 24.3834 -347.993 4.05652
48700 24.4797 -367.955 4.05809
48800 24.5763 -368.456 4.05573
48900 24.673 -368.572 4.05066
49000 24.7699 -362.111 4.05039
49100 24.867 -368.706 4.04769
49200 24.9643 -368.509 4.04806
49300 25.0619 -368.943 4.04665
49400 25.1596 -368.503 4.04428
49500 25.2575 -368.835 4.04256
49600 25.3556 -361.777 4.04287
49700 25.4539 -369.245 4.04449
49800 25.5524 -370.058 4.04609
49900 25.6511 -369.432 4.04841
50000 25.75 -369.08 4.05064
50100 25.8491 -369.096 4.0523
50200 25.9484 -369.17 4.05437
50300 26.0479 -369.314 4.05885
50400 26.1476 -368.714 4.0585
50500 26.2475 -368.81 4.05775
50600 26.3476 -369.006 4.05838
50700 26.4479 -369.251 4.05885
50800 26.5483 -369.014 4.06112
50900 26.649 -369.441 4.06101
51000 26.7499 -368.868 4.05971
51100 26.851 -368.596 4.06114
51200 26.9523 -369.373 4.05941
51300 27.0537 -369.462 4.06104
51400 27.1554 -368.637 4.05618
51500 27.2573 -369.473 4.0576
51600 27.3593 -369.092 4.05597
51700 27.4616 -369.258 4.0541
51800 27.5641 -369.107 4.05558
51900 27.6667 -361.487 4.05514
52000 27.7696 -361.953 4.05607
52100 27.8727 -368.531 4.05707
52200 27.9759 -369.553 4.0537
52300 28.0794 -369.381 4.05654
52400 28.183 -345.707 4.05382
52500 28.2869 -369.41 4.05434
52600 28.3909 -369.899 4.05408
52700 28.4952 -369.256 4.05614
52800 28.5996 -369.39 4.05775
52900 28.7043 -369.336 4.06263
53000 28.8091 -370.314 4.06438
53100 28.9141 -370.028 4.06836
53200 29.0194 -371.042 4.06886
53300 29.1248 -347.867 4.07192
53400 29.2304 -371.561 4.07051
53500 29.3363 -371.798 4.06624
53600 29.4423 -371.406 4.06749
53700 29.5485 -371.574 4.06926
53800 29.655 -371.988 4.06725
53900 29.7616 -371.858 4.06522
54000 29.8684 -371.943 4.06439
54100 29.9754 -371.281 4.0607
54200 30.0826 -371.878 4.06223
54300 30.1901 -371.842 4.06117
54400 30.2977 -371.657 4.06236
54500 30.4055 -371.869 4.06257
54600 30.5135 -372.325 4.0613
54700 30.6217 -349.426 4.05944
54800 30.7301 -372.04 4.05845
54900 30.8387 -372.268 4.05378
55000 30.9475 -372.219 4.0554
55100 31.0565 -363.462 4.05965
55200 31.1657 -371.888 4.06113
55300 31.2751 -372.108 4.05746
55400 31.3847 -371.616 4.05683
55500 31.4945 -371.614 4.05855
55600 31.6045 -371.812 4.06001
55700 31.7147 -372.035 4.06068
55800 31.825 -372.058 4.05817
55900 31.9356 -372.226 4.06082
56000 32.0464 -372.212 4.06259
56100 32.1574 -372.242 4.06512
56200 32.2686 -372.422 4.06831
56300 32.3799 -372.351 4.06797
56400 32.4915 -372.371 4.0675
56500 32.6033 -372.378 4.069
56600 32.7152 -372.096 4.06697
56700 32.8274 -371.792 4.06987
56800 32.9398 -361.226 4.06464
56900 33.0523 -364.136 4.06369
57000 33.1651 -364.639 4.061
57100 33.2781 -365.32 4.06038
57200 33.3912 -366.048 4.06303
57300 33.5046 -368.417 4.05957
57400 33.6181 -370.835 4.05806
57500 33.7319 -371.113 4.05303
57600 33.8458 -360.801 4.05174
57700 33.96 -371.455 4.05072
57800 34.0743 -360.374 4.05088
57900 34.1889 -363.268 4.05344
58000 34.3036 -369.649 4.05318
58100 34.4185 -372.105 4.05335
58200 34.5337 -363.665 4.05127
58300 34.649 -363.729 4.05442
58400 34.7645 -359.246 4.05507
58500 34.8803 -371.82 4.05751
58600 34.9962 -371.401 4.0556
58700 35.1123 -363.899 4.05575
58800 35.2287 -359.544 4.05953
58900 35.3452 -366.19 4.06112
59000 35.4619 -369.622 4.06314
59100 35.5788 -371.17 4.06446
59200 35.6959 -348.364 4.0676
59300 35.8133 -353.986 4.06879
59400 35.9308 -364.512 4.0728
59500 36.0485 -367.462 4.07501
59600 36.1664 -371.482 4.07614
59700 36.2845 -362.359 4.07987
59800 36.4028 -365.635 4.07779
59900 36.5213 -366.523 4.07731
60000 36.64 -371.042 4.07446
60100 36.7589 -363.873 4.0778
60200 36.878 -374.31 4.07699
60300 36.9973 -374.782 4.08259
60400 37.1168 -374.632 4.08048
60500 37.2365 -375.127 4.08208
60600 37.3564 -374.902 4.08354
60700 37.4765 -375.057 4.08556
60800 37.5967 -375.286 4.08771
60900 37.7172 -374.907 4.08577
61000 37.8379 -375.245 4.08346
61100 37.9588 -375.47 4.08116
61200 38.0799 -376.847 4.08044
61300 38.2011 -377.428 4.07988
61400 38.3226 -377.533 4.07765
61500 38.4443 -377.821 4.07676
61600 38.5661 -377.432 4.07554
61700 38.6882 -376.973 4.07457
61800 38.8105 -377.924 4.07
61900 38.9329 -377.4 4.07232
62000 39.0556 -377.973 4.06939
62100 39.1785 -377.925 4.07041
62200 39.3015 -377.463 4.07007
62300 39.4248 -377.646 4.06807
62400 39.5482 -377.739 4.07061
62500 39.6719 -377.481 4.06814
62600 39.7957 -369.008 4.0701
62700 39.9198 -377.611 4.07091
62800 40.044 -377.852 4.06967
62900 40.1685 -377.859 4.07014
63000 40.2931 -378.095 4.07168
63100 40.4179 -377.776 4.07223
63200 40.543 -377.869 4.07155
63300 40.6682 -370.521 4.07326
63400 40.7936 -378.147 4.06867
63500 40.9193 -378.354 4.06531
63600 41.0451 -377.889 4.06229
63700 41.1711 -358.757 4.06852
63800 41.2974 -361.243 4.07492
63900 41.4238 -361.789 4.07476
64000 41.5504 -362.976 4.07182
64100 41.6772 -371.428 4.07204
64200 41.8042 -363.228 4.06726
64300 41.9315 -377.523 4.06466
64400 42.0589 -377.832 4.06921
64500 42.1865 -371.589 4.06681
64600 42.3143 -371.643 4.06541
64700 42.4423 -377.893 4.06115
64800 42.5705 -377.596 4.06164
64900 42.6989 -372.176 4.06158
65000 42.8275 -377.924 4.05807
65100 42.9563 -377.991 4.0592
65200 43.0853 -377.839 4.05767
65300 43.2145 -377.885 4.05652
65400 43.3439 -377.65 4.0576
65500 43.4735 -377.865 4.057
65600 43.6033 -377.554 4.05459
65700 43.7333 -377.165 4.0546
65800 43.8634 -377.428 4.06013
65900 43.9938 -378.117 4.05769
66000 44.1244 -377.826 4.05575
66100 44.2552 -377.137 4.05414
66200 44.3862 -377.694 4.05284
66300 44.5173 -378.035 4.05499
66400 44.6487 -377.849 4.05327
66500 44.7803 -377.63 4.0524
66600 44.912 -377.963 4.05358
66700 45.044 -377.883 4.05415
66800 45.1762 -378.186 4.05144
66900 45.3085 -378.335 4.05118
67000 45.4411 -378.364 4.05502
67100 45.5739 -378.474 4.05276
67200 45.7068 -378.177 4.0516
67300 45.84 -378.38 4.05129
67400 45.9733 -378.457 4.05375
67500 46.1069 -378.294 4.05675
67600 46.2406 -378.325 4.05681
67700 46.3746 -378.346 4.05865
67800 46.5087 -369.701 4.05867
67900 46.6431 -370.763 4.06088
68000 46.7776 -371.282 4.06284
68100 46.9123 -377.64 4.06069
68200 47.0473 -371.513 4.05978
68300 47.1824 -378.172 4.05912
68400 47.3177 -378.191 4.05933
68500 47.4533 -378.308 4.05898
68600 47.589 -378.418 4.06097
68700 47.7249 -377.255 4.06224
68800 47.8611 -377.588 4.06155
68900 47.9974 -372.968 4.06547
69000 48.1339 -373.367 4.06554
69100 48.2706 -373.571 4.06815
69200 48.4075 -373.242 4.0708
69300 48.5447 -373.433 4.0717
69400 48.682 -373.946 4.07437
69500 48.8195 -373.231 4.07213
69600 48.9572 -373.814 4.07604
69700 49.0951 -364.121 4.07692
69800 49.2332 -373.261 4.07812
69900 49.3715 -373.389 4.08012
70000 49.51 -373.36 4.08221
70100 49.6487 -373.763 4.08438
70200 49.7876 -373.889 4.08598
70300 49.9267 -374.37 4.08536
70400 50.066 -373.324 4.08546
70500 50.2055 -375.146 4.08728
70600 50.3452 -376.002 4.08712
70700 50.4851 -373.069 4.08629
70800 50.6251 -375.227 4.08938
70900 50.7654 -373.453 4.08915
71000 50.9059 -372.964 4.0861
71100 51.0466 -372.759 4.08731
71200 51.1875 -374.251 4.08585
71300 51.3285 -373.2 4.08835
71400 51.4698 -373.5 4.08788
71500 51.6113 -374.367 4.08999
71600 51.7529 -373.57 4.09211
71700 51.8948 -373.294 4.09036
71800 52.0369 -373.275 4.0934
71900 52.1791 -373.253 4.09268
72000 52.3216 -373.36 4.09162
72100 52.4643 -373.237 4.09583
72200 52.6071 -372.9 4.09421
72300 52.7502 -372.648 4.09604
72400 52.8934 -373.911 4.09739
72500 53.0369 -376.12 4.09975
72600 53.1805 -376.79 4.0996
72700 53.3244 -377.129 4.10475
72800 53.4684 -377.664 4.10664
72900 53.6127 -377.295 4.1081
73000 53.7571 -377.787 4.11394
73100 53.9017 -377.354 4.11621
73200 54.0466 -377.128 4.11788
73300 54.1916 -377.492 4.11841
73400 54.3368 -377.437 4.12178
73500 54.4823 -377.565 4.12228
73600 54.6279 -377.525 4.11868
73700 54.7737 -377.609 4.11838
73800 54.9198 -377.935 4.12048
73900 55.066 -377.76 4.1159
74000 55.2124 -377.971 4.11494
74100 55.359 -368.377 4.11313
74200 55.5058 -368.603 4.11176
74300 55.6529 -377.81 4.11538
74400 55.8001 -377.596 4.11484
74500 55.9475 -377.855 4.11724
74600 56.0951 -377.701 4.118
74700 56.2429 -377.847 4.12073
74800 56.3909 -369.746 4.12172
74900 56.5391 -371.484 4.12199
75000 56.6875 -372.297 4.11793
75100 56.8361 -378.155 4.11856
75200 56.9849 -378.224 4.1174
75300 57.1339 -378.449 4.11685
75400 57.2831 -378.541 4.11705
75500 57.4325 -378.169 4.11344
75600 57.5821 -378.496 4.11546
75700 57.7319 -378.12 4.11733
75800 57.8818 -378.152 4.11585
75900 58.032 -378.135 4.11369
76000 58.1824 -378.5 4.11518
76100 58.333 -378.48 4.11741
76200 58.4838 -378.295 4.11694
76300 58.6347 -378.632 4.11507
76400 58.7859 -378.125 4.11765
76500 58.9373 -378.742 4.1213
76600 59.0888 -378.288 4.12251
76700 59.2406 -378.43 4.12155
76800 59.3926 -378.467 4.12405
76900 59.5447 -378.556 4.12061
77000 59.6971 -378.47 4.12123
77100 59.8497 -378.608 4.12107
77200 60.0024 -378.4 4.12037
77300 60.1554 -378.613 4.12212
77400 60.3085 -378.688 4.12037
77500 60.4619 -378.564 4.11581
77600 60.6154 -378.317 4.11639
77700 60.7692 -378.608 4.11664
77800 60.9231 -378.6 4.11806
77900 61.0773 -378.775 4.11991
78000 61.2316 -378.618 4.12274
78100 61.3861 -378.395 4.12358
78200 61.5409 -378.446 4.12202
78300 61.6958 -378.188 4.12018
78400 61.8509 -378.991 4.12071
78500 62.0063 -378.707 4.12725
78600 62.1618 -378.533 4.12446
78700 62.3175 -378.336 4.12453
78800 62.4735 -378.474 4.12692
78900 62.6296 -378.39 4.1266
79000 62.7859 -378.55 4.12779
79100 62.9424 -378.351 4.13137
79200 63.0991 -378.263 4.13271
79300 63.2561 -378.194 4.13408
79400 63.4132 -378.132 4.13069
79500 63.5705 -378.577 4.13206
79600 63.728 -378.122 4.12943
79700 63.8857 -378.251 4.12639
79800 64.0436 -378.06 4.13157
79900 64.2017 -377.997 4.132
80000 64.36 -378.164 4.13523
80100 64.5185 -378.156 4.13645
80200 64.6772 -378.289 4.14065
80300 64.8361 -378.094 4.13906
80400 64.9952 -378.628 4.13757
80500 65.1545 -378.739 4.14196
80600 65.314 -378.67 4.14432
80700 65.4737 -378.515 4.14421
80800 65.6335 -378.446 4.14537
80900 65.7936 -378.231 4.14134
81000 65.9539 -378.397 4.14238
81100 66.1144 -378.635 4.14251
81200 66.2751 -378.6 4.14154
81300 66.4359 -378.402 4.14189
81400 66.597 -378.767 4.1427
81500 66.7583 -378.785 4.142
81600 66.9197 -378.698 4.14259
81700 67.0814 -378.822 4.1472
81800 67.2433 -378.522 4.1439
81900 67.4053 -378.531 4.14125
82000 67.5676 -378.582 4.13943
82100 67.7301 -378.61 4.13906
82200 67.8927 -378.725 4.14147
82300 68.0556 -378.798 4.13948
82400 68.2186 -378.71 4.14186
82500 68.3819 -379.103 4.14641
82600 68.5453 -378.909 4.14664
82700 68.709 -378.701 4.14915
82800 68.8728 -378.701 4.15018
82900 69.0369 -378.752 4.14807
83000 69.2011 -378.807 4.14975
83100 69.3655 -378.817 4.14956
83200 69.5302 -378.632 4.15347
83300 69.695 -378.495 4.15431
83400 69.86 -378.64 4.15677
83500 70.0253 -378.559 4.15954
83600 70.1907 -378.769 4.16051
83700 70.3563 -378.797 4.15984
83800 70.5222 -378.65 4.15931
83900 70.6882 -378.327 4.15995
84000 70.8544 -378.466 4.15893
84100 71.0208 -378.495 4.15374
84200 71.1874 -378.483 4.15624
84300 71.3543 -378.256 4.15729
84400 71.5213 -378.846 4.16019
84500 71.6885 -378.42 4.15954
84600 71.8559 -378.499 4.16208
84700 72.0235 -378.29 4.16096
84800 72.1913 -378.238 4.16007
84900 72.3593 -378.552 4.16081
85000 72.5275 -378.437 4.16317
85100 72.6959 -378.111 4.16437
85200 72.8645 -378.014 4.16787
85300 73.0333 -378.032 4.17091
85400 73.2023 -377.865 4.17008
85500 73.3715 -378.151 4.17088
85600 73.5409 -377.801 4.17199
85700 73.7105 -377.997 4.16883
85800 73.8802 -377.835 4.1702
85900 74.0502 -377.934 4.16959
86000 74.2204 -377.986 4.16731
86100 74.3908 -377.76 4.16639
86200 74.5614 -377.817 4.16632
86300 74.7321 -377.85 4.16946
86400 74.9031 -377.608 4.17364
86500 75.0743 -377.922 4.17534
86600 75.2456 -377.705 4.17665
86700 75.4172 -377.882 4.17781
86800 75.589 -377.71 4.1776
86900 75.7609 -377.632 4.17864
87000 75.9331 -377.978 4.17788
87100 76.1055 -377.984 4.18228
87200 76.278 -378.141 4.18815
87300 76.4508 -377.875 4.19271
87400 76.6237 -377.972 4.19513
87500 76.7969 -377.724 4.19348
87600 76.9702 -377.821 4.19576
87700 77.1438 -377.707 4.19624
87800 77.3175 -377.551 4.19909
87900 77.4915 -377.998 4.19692
88000 77.6656 -377.837 4.19614
88100 77.8399 -377.976 4.19611
88200 78.0145 -377.975 4.19639
88300 78.1892 -377.999 4.19461
88400 78.3641 -377.603 4.19191
88500 78.5393 -377.822 4.19211
88600 78.7146 -377.694 4.19525
88700 78.8901 -377.482 4.19799
88800 79.0659 -377.27 4.19784
88900 79.2418 -377.588 4.20082
89000 79.4179 -377.367 4.20315
89100 79.5942 -377.369 4.20556
89200 79.7707 -377.535 4.20567
89300 79.9475 -377.29 4.20933
89400 80.1244 -377.478 4.20915
89500 80.3015 -377.562 4.21121
89600 80.4788 -377.362 4.21275
89700 80.6563 -377.588 4.21483
89800 80.834 -377.593 4.21452
89900 81.0119 -377.602 4.21572
90000 81.19 -377.359 4.21507
90100 81.3683 -377.354 4.21815
90200 81.5468 -376.823 4.22119
90300 81.7255 -377.112 4.226
90400 81.9044 -377.407 4.22736
90500 82.0835 -377.034 4.2269
90600 82.2628 -377.014 4.22708
90700 82.4423 -377.054 4.22962
90800 82.6219 -377.027 4.23044
90900 82.8018 -377.004 4.22711
91000 82.9819 -376.826 4.22691
91100 83.1622 -376.759 4.22688
91200 83.3427 -376.732 4.22378
91300 83.5233 -377.028 4.22372
91400 83.7042 -376.828 4.22144
91500 83.8853 -376.741 4.22471
91600 84.0665 -376.812 4.22195
91700 84.248 -377.003 4.22769
91800 84.4297 -377.108 4.22496
91900 84.6115 -376.812 4.22383
92000 84.7936 -376.809 4.22586
92100 84.9759 -377.047 4.22846
92200 85.1583 -377.178 4.22616
92300 85.341 -377.396 4.2254
92400 85.5238 -377.132 4.22089
92500 85.7069 -377.104 4.22072
92600 85.8901 -377.049 4.21959
92700 86.0736 -377.152 4.22188
92800 86.2572 -377.173 4.22268
92900 86.4411 -377.251 4.22164
93000 86.6251 -377.191 4.22723
93100 86.8093 -377.118 4.22571
93200 86.9938 -377.197 4.22654
93300 87.1784 -377.096 4.22843
93400 87.3632 -376.978 4.22982
93500 87.5483 -376.977 4.2303
93600 87.7335 -377.044 4.22975
93700 87.9189 -377.022 4.23021
93800 88.1046 -376.529 4.22832
93900 88.2904 -376.537 4.22892
94000 88.4764 -376.444 4.2282
94100 88.6626 -376.404 4.22972
94200 88.849 -376.426 4.23256
94300 89.0357 -376.809 4.23087
94400 89.2225 -376.344 4.23319
94500 89.4095 -376.679 4.23728
94600 89.5967 -376.77 4.23791
94700 89.7841 -376.859 4.24195
94800 89.9717 -376.579 4.23978
94900 90.1595 -376.471 4.24395
95000 90.3475 -376.385 4.24249
95100 90.5357 -376.461 4.24604
95200 90.7241 -376.499 4.24679
95300 90.9127 -376.061 4.24975
95400 91.1015 -376.504 4.2503
95500 91.2905 -376.54 4.24846
95600 91.4797 -376.445 4.24935
95700 91.6691 -376.347 4.25105
95800 91.8586 -376.216 4.25158
95900 92.0484 -376.489 4.25063
96000 92.2384 -376.725 4.25093
96100 92.4286 -376.655 4.25361
96200 92.619 -376.63 4.25565
96300 92.8095 -376.42 4.25777
96400 93.0003 -376.637 4.2612
96500 93.1913 -376.824 4.25944
96600 93.3824 -376.653 4.25869
96700 93.5738 -376.79 4.26111
96800 93.7654 -376.783 4.26126
96900 93.9571 -376.718 4.2615
97000 94.1491 -376.503 4.26465
97100 94.3413 -376.239 4.26662
97200 94.5336 -376.467 4.26741
97300 94.7262 -376.41 4.2703
97400 94.9189 -376.107 4.27514
97500 95.1119 -376.182 4.27458
97600 95.305 -376.179 4.27336
97700 95.4984 -376.452 4.27378
97800 95.6919 -376.061 4.27449
97900 95.8857 -375.957 4.27364
98000 96.0796 -375.9 4.27108
98100 96.2737 -376.022 4.27775
98200 96.4681 -376.241 4.27876
98300 96.6626 -376.252 4.27653
98400 96.8573 -376.262 4.27666
98500 97.0523 -376.143 4.27807
98600 97.2474 -376.383 4.28127
98700 97.4427 -376.448 4.27996
98800 97.6383 -376.138 4.27838
98900 97.834 -376.314 4.27871
99000 98.0299 -376.072 4.27705
99100 98.226 -375.962 4.27556
99200 98.4223 -376.029 4.27863
99300 98.6189 -376.181 4.27809
99400 98.8156 -376.245 4.27926
99500 99.0125 -376.121 4.27972
99600 99.2096 -376.263 4.28144
99700 99.4069 -375.972 4.27987
99800 99.6044 -375.788 4.28167
99900 99.8021 -375.654 4.28162
100000 100 -375.674 4.28259
