100 1.00001 2345.23 2.50387
200 1.00004 2087.58 2.50646
300 1.0001 2037.76 2.51265
400 1.0002 1989.86 2.5182
500 1.00035 1986.84 2.52406
600 1.00055 1968.87 2.52569
700 1.00082 1958.78 2.52764
800 1.00114 1942.79 2.53007
900 1.00153 1929.82 2.53318
1000 1.00199 1923.15 2.53682
1100 1.00253 1885.64 2.54156
1200 1.00314 1874.63 2.54565
1300 1.00383 1881.05 2.54986
1400 1.00462 1849.7 2.55096
1500 1.00548 1872.76 2.55376
1600 1.00644 1851.08 2.55424
1700 1.0075 1869.69 2.55685
1800 1.00865 1852.48 2.56003
1900 1.0099 1848.63 2.56407
2000 1.01126 1830.48 2.56723
2100 1.01272 1823.63 2.56901
2200 1.01429 1813.61 2.57251
2300 1.01597 1795.05 2.57507
2400 1.01776 1793.31 2.5772
2500 1.01967 1785.76 2.57859
2600 1.02169 1781.76 2.58289
2700 1.02384 1783.4 2.58855
2800 1.02611 1769.63 2.58925
2900 1.0285 1753.09 2.59104
3000 1.03102 1738.23 2.59593
3100 1.03367 1733.59 2.59856
3200 1.03645 1735.89 2.59988
3300 1.03937 1729.6 2.60194
3400 1.04242 1721.99 2.60373
3500 1.04561 1702.83 2.60582
3600 1.04893 1717.47 2.60646
3700 1.0524 1707.99 2.60936
3800 1.05602 1706.81 2.61149
3900 1.05977 1689.29 2.61279
4000 1.06368 1690.29 2.61669
4100 1.06773 1687.07 2.61869
4200 1.07194 1694.99 2.62164
4300 1.0763 1668.29 2.62834
4400 1.08081 1659.42 2.62934
4500 1.08548 1641.92 2.62958
4600 1.09031 1643.4 2.63344
4700 1.0953 1631.38 2.63532
4800 1.10045 1652.17 2.63483
4900 1.10577 1610.53 2.63965
5000 1.11124 1629.64 2.64358
5100 1.11689 1602.94 2.64719
5200 1.1227 1597.59 2.65114
5300 1.12869 1576.44 2.65401
5400 1.13485 1589.37 2.65635
5500 1.14118 1570.73 2.65911
5600 1.14768 1562.22 2.66349
5700 1.15436 1540.6 2.66884
5800 1.16122 1530.11 2.67163
5900 1.16826 1531.57 2.67534
6000 1.17548 1535.92 2.67902
6100 1.18288 1527.47 2.68268
6200 1.19047 1500.24 2.68602
6300 1.19825 1510.15 2.68693
6400 1.20621 1502.24 2.68853
6500 1.21436 1498.92 2.6906
6600 1.2227 1490.25 2.69395
6700 1.23123 1481.63 2.69568
6800 1.23995 1470.8 2.6976
6900 1.24887 1479.54 2.70243
7000 1.25799 1476.24 2.70735
7100 1.2673 1442.16 2.71247
7200 1.27681 1433.38 2.71478
7300 1.28652 1425.87 2.71823
7400 1.29644 1416.1 2.72074
7500 1.30655 1423.95 2.72257
7600 1.31687 1417.64 2.72456
7700 1.3274 1407.05 2.72484
7800 1.33813 1425.05 2.72624
7900 1.34908 1438.29 2.72941
8000 1.36023 1407.53 2.73281
8100 1.37159 1373.88 2.73614
8200 1.38317 1380.25 2.73709
8300 1.39496 1375.49 2.74096
8400 1.40696 1376.54 2.74275
8500 1.41918 1380.02 2.74579
8600 1.43162 1356.36 2.74925
8700 1.44427 1353.65 2.7547
8800 1.45715 1339.96 2.75981
8900 1.47025 1324.9 2.76366
9000 1.48357 1331.03 2.76569
9100 1.49711 1307.45 2.77244
9200 1.51088 1289.88 2.77606
9300 1.52488 1292.49 2.77949
9400 1.5391 1274.82 2.7818
9500 1.55356 1279.39 2.78329
9600 1.56824 1276.88 2.78761
9700 1.58315 1264.4 2.79242
9800 1.5983 1257.16 2.79588
9900 1.61368 1260.67 2.79788
10000 1.62929 1242.72 2.80194
10100 1.64514 1237.74 2.80371
10200 1.66123 1238.05 2.80519
10300 1.67756 1232.42 2.80631
10400 1.69412 1228.59 2.81082
10500 1.71093 1226.41 2.81223
10600 1.72798 1225.16 2.81563
10700 1.74527 1212.18 2.81946
10800 1.7628 1205.05 2.82349
10900 1.78058 1188.33 2.82808
11000 1.79861 1187.87 2.8314
11100 1.81688 1167.39 2.83622
11200 1.83541 1165.16 2.83876
11300 1.85418 1161.19 2.84124
11400 1.8732 1152.76 2.84514
11500 1.89248 1137.26 2.85024
11600 1.91201 1128.77 2.85527
11700 1.93179 1116.6 2.86159
11800 1.95183 1102.26 2.86485
11900 1.97212 1107.44 2.86862
12000 1.99267 1098.45 2.87175
12100 2.01348 1101.77 2.87486
12200 2.03455 1088.51 2.87584
12300 2.05588 1088.49 2.87772
12400 2.07748 1072.14 2.88486
12500 2.09933 1056 2.88897
12600 2.12145 1068.7 2.89145
12700 2.14383 1052.21 2.89461
12800 2.16648 1051.26 2.90028
12900 2.1894 1024.78 2.90504
13000 2.21258 1045.52 2.90932
13100 2.23604 1036 2.9124
13200 2.25976 1013.52 2.91523
13300 2.28376 1015.27 2.91596
13400 2.30802 1003.65 2.92156
13500 2.33256 999.263 2.92745
13600 2.35738 985.335 2.92942
13700 2.38247 980.952 2.93401
13800 2.40783 976.918 2.93681
13900 2.43347 982.815 2.93998
14000 2.4594 961.531 2.94392
14100 2.4856 963.117 2.94742
14200 2.51208 952.804 2.95132
14300 2.53884 946.398 2.9555
14400 2.56588 946.416 2.96009
14500 2.59321 931.121 2.96529
14600 2.62082 928.249 2.96821
14700 2.64872 919.937 2.97322
14800 2.6769 905.28 2.97649
14900 2.70537 895.068 2.98065
15000 2.73413 884.858 2.98543
15100 2.76318 887.254 2.98814
15200 2.79251 884.131 2.99291
15300 2.82214 878.413 2.99781
15400 2.85206 871.222 3.00165
15500 2.88227 858.805 3.00699
15600 2.91278 855.29 3.01174
15700 2.94358 855.424 3.01762
15800 2.97468 850.954 3.02276
15900 3.00607 835.748 3.02832
16000 3.03776 815.3 3.03076
16100 3.06975 824.538 3.03354
16200 3.10204 807.921 3.0372
16300 3.13463 805.991 3.04083
16400 3.16752 799.805 3.04674
16500 3.20071 793.21 3.05066
16600 3.23421 791.98 3.05635
16700 3.26801 770.356 3.06102
16800 3.30211 776.748 3.06345
16900 3.33652 762.929 3.06715
17000 3.37124 762.722 3.07245
17100 3.40626 757.725 3.07972
17200 3.4416 739.378 3.08506
17300 3.47724 744.77 3.08947
17400 3.5132 731.146 3.09588
17500 3.54946 725.484 3.09806
17600 3.58604 709.523 3.10167
17700 3.62293 716.925 3.10665
17800 3.66013 696.318 3.11169
17900 3.69765 702.253 3.11603
18000 3.73549 668.021 3.12133
18100 3.77364 671.927 3.12546
18200 3.81211 660.713 3.12949
18300 3.85089 670.331 3.13289
18400 3.89 670.736 3.14112
18500 3.92943 640.785 3.14695
18600 3.96917 644.888 3.15262
18700 4.00924 594.832 3.15679
18800 4.04963 602.175 3.16126
18900 4.09035 635.934 3.16535
19000 4.13139 635.55 3.1706
19100 4.17275 612.89 3.1747
19200 4.21445 606.651 3.17835
19300 4.25646 589.355 3.18497
19400 4.29881 592.397 3.18871
19500 4.34149 584.936 3.19307
19600 4.38449 569.338 3.19619
19700 4.42782 572.765 3.2005
19800 4.47149 512.296 3.2073
19900 4.51549 532.288 3.21028
20000 4.55982 563.854 3.21559
20100 4.60448 527.506 3.21809
20200 4.64948 510.338 3.22432
20300 4.69482 519.914 3.22812
20400 4.74049 522.28 3.23469
20500 4.7865 429.287 3.23981
20600 4.83284 414.554 3.24423
20700 4.87953 361.003 3.25082
20800 4.92655 280.505 3.25274
20900 4.97392 327.455 3.25845
21000 5.02162 278.989 3.26415
21100 5.06967 175.045 3.26866
21200 5.11806 50.9893 3.27266
21300 5.16679 9.8532 3.27461
21400 5.21587 -125.683 3.27713
21500 5.2653 -218.157 3.28439
21600 5.31507 -258.971 3.28725
21700 5.36518 -240.919 3.28676
21800 5.41565 -333.073 3.28958
21900 5.46646 -320.88 3.28971
22000 5.51762 -340.031 3.29119
22100 5.56913 -341.106 3.29156
22200 5.621 -341.937 3.29399
22300 5.67321 -331.447 3.29455
22400 5.72578 -340.746 3.29741
22500 5.7787 -333.375 3.29857
22600 5.83197 -334.422 3.29715
22700 5.8856 -343.744 3.29808
22800 5.93958 -340.397 3.29907
22900 5.99392 -347.525 3.30144
23000 6.04862 -333.128 3.30228
23100 6.10368 -345.288 3.30557
23200 6.15909 -335.784 3.31129
23300 6.21486 -357.909 3.3126
23400 6.271 -350.387 3.31886
23500 6.32749 -344.958 3.31734
23600 6.38435 -364.974 3.31952
23700 6.44157 -334.44 3.32063
23800 6.49915 -265.319 3.32145
23900 6.5571 -347.151 3.32226
24000 6.61541 -359.034 3.32262
24100 6.67408 -343.234 3.32697
24200 6.73313 -325.017 3.33201
24300 6.79254 -342.387 3.33308
24400 6.85231 -340.875 3.33377
24500 6.91246 -346.674 3.3358
24600 6.97298 -346.391 3.33824
24700 7.03386 -362.109 3.33859
24800 7.09512 -363.965 3.33804
24900 7.15675 -329.663 3.33963
25000 7.21875 -335.569 3.34063
25100 7.28112 -353.309 3.34074
25200 7.34387 -373.548 3.33998
25300 7.40699 -371.583 3.34432
25400 7.47049 -344.737 3.3464
25500 7.53437 -367.985 3.34858
25600 7.59862 -369.662 3.35214
25700 7.66325 -366.186 3.35619
25800 7.72825 -359.291 3.35974
25900 7.79364 -334.849 3.36008
26000 7.85941 -355.806 3.36015
26100 7.92555 -363.463 3.36408
26200 7.99208 -355.463 3.36649
26300 8.05899 -356.545 3.3692
26400 8.12628 -352.083 3.37012
26500 8.19396 -353.637 3.37006
26600 8.26202 -365.153 3.37401
26700 8.33046 -370.722 3.3756
26800 8.39929 -380.195 3.37302
26900 8.46851 -353.989 3.37342
27000 8.53811 -310.892 3.37427
27100 8.6081 -353.438 3.3747
27200 8.67848 -357.931 3.37857
27300 8.74925 -373.529 3.37921
27400 8.82041 -364.636 3.3835
27500 8.89196 -327.498 3.3846
27600 8.9639 -336.001 3.38499
27700 9.03623 -363.666 3.38463
27800 9.10896 -365.752 3.38765
27900 9.18208 -358.051 3.38965
28000 9.25559 -370.698 3.38959
28100 9.3295 -376.505 3.39259
28200 9.4038 -374.396 3.3957
28300 9.4785 -291.45 3.39689
28400 9.5536 -334.631 3.4006
28500 9.62909 -377.698 3.39797
28600 9.70499 -375.952 3.40152
28700 9.78128 -373.148 3.4011
28800 9.85797 -378.85 3.40319
28900 9.93506 -362.287 3.40802
29000 10.0126 -379.508 3.41116
29100 10.0905 -364.016 3.41759
29200 10.1688 -382.021 3.41932
29300 10.2475 -345.266 3.42128
29400 10.3266 -383.747 3.42343
29500 10.4061 -383.908 3.42944
29600 10.486 -338.691 3.43218
29700 10.5663 -383.543 3.4358
29800 10.647 -377.97 3.43518
29900 10.7282 -383.453 3.43843
30000 10.8097 -384.915 3.43864
30100 10.8917 -385.112 3.44175
30200 10.974 -385.311 3.44225
30300 11.0568 -374.616 3.43957
30400 11.14 -379.502 3.44311
30500 11.2236 -376.646 3.44484
30600 11.3076 -374.927 3.44749
30700 11.392 -389.149 3.45198
30800 11.4768 -311.019 3.45426
30900 11.5621 -385.491 3.45689
31000 11.6477 -369.996 3.4562
31100 11.7338 -386.08 3.4584
31200 11.8203 -382.768 3.45738
31300 11.9072 -377.357 3.46007
31400 11.9945 -374.376 3.46263
31500 12.0823 -372.838 3.46107
31600 12.1705 -391.901 3.46441
31700 12.259 -392.067 3.46626
31800 12.348 -391.663 3.46932
31900 12.4375 -391.162 3.4695
32000 12.5273 -391.69 3.47009
32100 12.6176 -393.561 3.47067
32200 12.7083 -394.741 3.47263
32300 12.7994 -393.775 3.47094
32400 12.8909 -394.779 3.47334
32500 12.9829 -395.425 3.4766
32600 13.0753 -394.574 3.47829
32700 13.1681 -393.906 3.47898
32800 13.2613 -393.053 3.47726
32900 13.355 -396.698 3.47918
33000 13.4491 -395.771 3.48246
33100 13.5436 -384.943 3.48426
33200 13.6386 -395.045 3.48642
33300 13.734 -395.183 3.48998
33400 13.8298 -396.011 3.49344
33500 13.926 -395.076 3.49434
33600 14.0227 -385.275 3.49813
33700 14.1198 -395.865 3.5002
33800 14.2174 -395.614 3.49966
33900 14.3153 -396.895 3.50229
34000 14.4138 -395.687 3.50319
34100 14.5126 -396.314 3.50463
34200 14.6119 -396.13 3.50412
34300 14.7116 -395.178 3.50517
34400 14.8118 -396.396 3.50413
34500 14.9124 -369.269 3.50437
34600 15.0134 -394.419 3.50189
34700 15.1149 -395.304 3.49897
34800 15.2168 -395.702 3.49828
34900 15.3191 -396.145 3.50095
35000 15.4219 -395.985 3.50285
35100 15.5252 -347.715 3.50391
35200 15.6288 -395.146 3.50563
35300 15.733 -367.119 3.50438
35400 15.8375 -391.914 3.50286
35500 15.9425 -390.552 3.50186
35600 16.048 -394.691 3.50469
35700 16.1539 -390.128 3.50473
35800 16.2602 -396.725 3.50477
35900 16.367 -398.098 3.50569
36000 16.4742 -399.291 3.50996
36100 16.5819 -399.148 3.50823
36200 16.6901 -399.879 3.50459
36300 16.7986 -400.371 3.50559
36400 16.9077 -400.253 3.50551
36500 17.0171 -399.767 3.50424
36600 17.1271 -392.694 3.50635
36700 17.2375 -392.559 3.50361
36800 17.3483 -400.337 3.50392
36900 17.4596 -399.622 3.50473
37000 17.5713 -399.842 3.50817
37100 17.6835 -400.689 3.50873
37200 17.7962 -400.805 3.51221
37300 17.9093 -400.954 3.5139
37400 18.0228 -400.996 3.51886
37500 18.1369 -400.358 3.51928
37600 18.2513 -400.69 3.51888
37700 18.3663 -399.997 3.51862
37800 18.4817 -400.644 3.51649
37900 18.5975 -401.268 3.51767
38000 18.7138 -400.217 3.51752
38100 18.8306 -401.871 3.51778
38200 18.9478 -401.358 3.51825
38300 19.0655 -400.78 3.51741
38400 19.1837 -400.578 3.51567
38500 19.3023 -399.037 3.51791
38600 19.4213 -400.477 3.51938
38700 19.5409 -401.158 3.52189
38800 19.6609 -400.541 3.51796
38900 19.7814 -401.157 3.52315
39000 19.9023 -401.713 3.52559
39100 20.0237 -401.137 3.52433
39200 20.1456 -401.448 3.52363
39300 20.2679 -401.507 3.52657
39400 20.3907 -401.165 3.52729
39500 20.514 -401.402 3.53011
39600 20.6377 -402.026 3.53238
39700 20.7619 -393.939 3.53143
39800 20.8866 -401.233 3.53255
39900 21.0118 -401.363 3.53153
40000 21.1374 -401.731 3.53315
40100 21.2635 -402.287 3.53422
40200 21.39 -402.381 3.53383
40300 21.5171 -402.198 3.53572
40400 21.6446 -402.206 3.5355
40500 21.7726 -401.74 3.53977
40600 21.9011 -401.339 3.54075
40700 22.03 -402.127 3.54296
40800 22.1594 -401.644 3.54177
40900 22.2893 -402.248 3.54403
41000 22.4197 -401.753 3.54168
41100 22.5505 -402.497 3.54198
41200 22.6818 -401.84 3.54213
41300 22.8136 -402.494 3.54221
41400 22.9459 -402.584 3.54669
41500 23.0787 -402.366 3.54681
41600 23.2119 -402.951 3.54692
41700 23.3457 -402.462 3.54946
41800 23.4799 -394.934 3.55059
41900 23.6146 -402.927 3.55029
42000 23.7497 -401.82 3.5533
42100 23.8854 -401.6 3.55073
42200 24.0215 -402.506 3.55073
42300 24.1582 -402.106 3.55447
42400 24.2953 -402.262 3.55283
42500 24.4329 -402.381 3.55475
42600 24.5709 -401.818 3.55475
42700 24.7095 -402.198 3.55382
42800 24.8486 -402.492 3.55312
42900 24.9881 -403.028 3.55427
43000 25.1282 -401.886 3.55272
43100 25.2687 -402.402 3.55681
43200 25.4097 -403.109 3.559
43300 25.5512 -402.211 3.56133
43400 25.6932 -403.178 3.5642
43500 25.8357 -402.788 3.56648
43600 25.9787 -403.501 3.5686
43700 26.1221 -403.394 3.57093
43800 26.2661 -403.082 3.57245
43900 26.4106 -403.36 3.5765
44000 26.5555 -403.346 3.57755
44100 26.701 -403.574 3.57918
44200 26.8469 -403.465 3.57889
44300 26.9934 -403.804 3.57726
44400 27.1403 -403.102 3.58067
44500 27.2877 -403.623 3.58448
44600 27.4357 -403.352 3.58305
44700 27.5841 -403.291 3.5846
44800 27.733 -403.044 3.58764
44900 27.8825 -403.761 3.58729
45000 28.0324 -403.841 3.59028
45100 28.1828 -403.573 3.58871
45200 28.3337 -403.516 3.5878
45300 28.4852 -403.509 3.58845
45400 28.6371 -403.938 3.58763
45500 28.7896 -403.698 3.58874
45600 28.9425 -403.979 3.59017
45700 29.0959 -403.669 3.58687
45800 29.2499 -403.925 3.5886
45900 29.4043 -403.242 3.59374
46000 29.5593 -404.229 3.59674
46100 29.7148 -403.951 3.59926
46200 29.8707 -404.325 3.60138
46300 30.0272 -404.332 3.60495
46400 30.1842 -404.33 3.60705
46500 30.3417 -404.204 3.60679
46600 30.4997 -403.935 3.6083
46700 30.6582 -403.704 3.60989
46800 30.8173 -403.758 3.60969
46900 30.9768 -403.918 3.61272
47000 31.1368 -403.594 3.60861
47100 31.2974 -403.756 3.61131
47200 31.4585 -403.778 3.61341
47300 31.6201 -403.878 3.61449
47400 31.7821 -403.979 3.61836
47500 31.9448 -403.944 3.62034
47600 32.1079 -403.59 3.62035
47700 32.2715 -403.995 3.62183
47800 32.4357 -403.754 3.62793
47900 32.6003 -403.975 3.62444
48000 32.7655 -403.457 3.62193
48100 32.9312 -403.938 3.62097
48200 33.0975 -403.631 3.61971
48300 33.2642 -403.914 3.61511
48400 33.4315 -403.854 3.6178
48500 33.5992 -404.402 3.61529
48600 33.7675 -403.836 3.61733
48700 33.9364 -403.235 3.61807
48800 34.1057 -397.457 3.61809
48900 34.2755 -403.755 3.62069
49000 34.4459 -403.972 3.61956
49100 34.6168 -404.774 3.62093
49200 34.7883 -404.619 3.61969
49300 34.9602 -404.167 3.61947
49400 35.1327 -404.379 3.6163
49500 35.3057 -403.805 3.61393
49600 35.4792 -404.421 3.61825
49700 35.6533 -403.782 3.61559
49800 35.8278 -404.602 3.61596
49900 36.0029 -404.139 3.6149
50000 36.1786 -404.351 3.61627
50100 36.3547 -404.339 3.61548
50200 36.5314 -404.375 3.61608
50300 36.7086 -403.389 3.61369
50400 36.8864 -404.3 3.61013
50500 37.0646 -403.647 3.61534
50600 37.2434 -403.83 3.61549
50700 37.4228 -404.13 3.61795
50800 37.6026 -403.62 3.61689
50900 37.783 -403.806 3.61694
51000 37.964 -403.961 3.61193
51100 38.1454 -403.86 3.6143
51200 38.3274 -404.35 3.61343
51300 38.51 -404.157 3.61538
51400 38.693 -404.17 3.614
51500 38.8766 -403.932 3.61377
51600 39.0607 -403.67 3.61305
51700 39.2454 -404.083 3.61463
51800 39.4306 -404.528 3.61397
51900 39.6164 -404.531 3.61611
52000 39.8027 -404.679 3.61706
52100 39.9895 -404.68 3.61849
52200 40.1768 -404.561 3.62118
52300 40.3647 -404.556 3.62126
52400 40.5532 -404.324 3.62093
52500 40.7421 -404.533 3.62011
52600 40.9317 -404.696 3.61754
52700 41.1217 -404.311 3.61863
52800 41.3123 -404.355 3.61929
52900 41.5035 -404.487 3.61935
53000 41.6952 -404.368 3.61934
53100 41.8874 -403.998 3.6186
53200 42.0802 -404.244 3.61844
53300 42.2735 -404.533 3.61978
53400 42.4673 -404.58 3.62205
53500 42.6618 -404.729 3.62207
53600 42.8567 -404.88 3.62116
53700 43.0522 -404.664 3.62157
53800 43.2483 -404.667 3.62045
53900 43.4448 -404.665 3.61892
54000 43.642 -404.609 3.61721
54100 43.8397 -404.598 3.61708
54200 44.0379 -404.728 3.61231
54300 44.2367 -404.425 3.61167
54400 44.4361 -404.456 3.61214
54500 44.6359 -404.443 3.61291
54600 44.8364 -404.643 3.61386
54700 45.0374 -404.791 3.61473
54800 45.2389 -404.705 3.6108
54900 45.441 -404.739 3.61241
55000 45.6437 -404.512 3.61709
55100 45.8469 -404.599 3.61806
55200 46.0506 -404.528 3.61832
55300 46.2549 -404.578 3.61537
55400 46.4598 -405.043 3.61426
55500 46.6652 -402.674 3.61239
55600 46.8712 -404.363 3.6134
55700 47.0777 -404.765 3.61296
55800 47.2848 -404.616 3.61
55900 47.4925 -404.46 3.61144
56000 47.7007 -402.935 3.61096
56100 47.9094 -404.944 3.61437
56200 48.1188 -404.825 3.6182
56300 48.3286 -404.691 3.61842
56400 48.5391 -404.705 3.61884
56500 48.7501 -404.855 3.61941
56600 48.9617 -404.673 3.62131
56700 49.1738 -404.988 3.6166
56800 49.3865 -404.727 3.61442
56900 49.5997 -404.805 3.6129
57000 49.8135 -404.823 3.6147
57100 50.0279 -404.664 3.61679
57200 50.2428 -404.892 3.61574
57300 50.4584 -404.907 3.61434
57400 50.6744 -404.774 3.6125
57500 50.8911 -404.927 3.61591
57600 51.1083 -404.698 3.61756
57700 51.326 -405.018 3.61889
57800 51.5444 -404.831 3.62042
57900 51.7633 -404.841 3.61758
58000 51.9827 -405.076 3.61817
58100 52.2028 -405.064 3.61602
58200 52.4234 -404.829 3.62348
58300 52.6445 -404.956 3.62276
58400 52.8663 -405.071 3.62496
58500 53.0886 -404.864 3.62289
58600 53.3115 -404.905 3.62236
58700 53.535 -405.001 3.62127
58800 53.759 -405.036 3.62474
58900 53.9836 -404.985 3.62396
59000 54.2088 -405.002 3.62338
59100 54.4345 -405.045 3.61776
59200 54.6608 -404.961 3.61767
59300 54.8877 -404.997 3.61858
59400 55.1152 -404.926 3.62335
59500 55.3432 -404.927 3.62787
59600 55.5719 -404.847 3.6306
59700 55.8011 -404.802 3.6293
59800 56.0308 -404.948 3.62394
59900 56.2612 -405.081 3.62729
60000 56.4921 -404.895 3.62417
60100 56.7236 -405.079 3.62266
60200 56.9557 -404.875 3.62145
60300 57.1884 -404.86 3.61902
60400 57.4216 -404.829 3.61775
60500 57.6554 -405.006 3.62128
60600 57.8898 -404.846 3.62129
60700 58.1248 -404.983 3.62026
60800 58.3604 -404.875 3.61923
60900 58.5965 -405.072 3.61992
61000 58.8333 -405.072 3.61779
61100 59.0706 -405.057 3.61904
61200 59.3085 -405.135 3.61793
61300 59.5469 -405.155 3.61807
61400 59.786 -404.665 3.61897
61500 60.0257 -405.258 3.61651
61600 60.2659 -405.118 3.61727
61700 60.5067 -405.08 3.62009
61800 60.7481 -405.275 3.61613
61900 60.9901 -405.253 3.61624
62000 61.2327 -405.338 3.61616
62100 61.4759 -405.128 3.61711
62200 61.7196 -404.996 3.62022
62300 61.964 -404.845 3.62079
62400 62.2089 -404.944 3.62035
62500 62.4544 -404.858 3.62253
62600 62.7005 -404.894 3.62286
62700 62.9472 -405.208 3.62286
62800 63.1945 -405.066 3.62145
62900 63.4424 -404.852 3.62255
63000 63.6909 -405.159 3.62296
63100 63.94 -405.169 3.62117
63200 64.1896 -405.159 3.62093
63300 64.4399 -405.175 3.61846
63400 64.6907 -404.865 3.62137
63500 64.9422 -403.747 3.62312
63600 65.1942 -405.05 3.62315
63700 65.4468 -404.897 3.62036
63800 65.7001 -404.986 3.61923
63900 65.9539 -405.21 3.61837
64000 66.2083 -405.207 3.61779
64100 66.4633 -405.391 3.61641
64200 66.719 -405.511 3.61739
64300 66.9752 -405.654 3.6165
64400 67.232 -405.736 3.61718
64500 67.4894 -405.681 3.61754
64600 67.7474 -405.621 3.62051
64700 68.006 -405.664 3.6218
64800 68.2652 -405.584 3.62457
64900 68.525 -405.718 3.62426
65000 68.7854 -405.758 3.62035
65100 69.0465 -405.815 3.62049
65200 69.3081 -405.63 3.62043
65300 69.5703 -405.424 3.61972
65400 69.8331 -405.594 3.6192
65500 70.0965 -405.726 3.61931
65600 70.3606 -405.736 3.61942
65700 70.6252 -405.648 3.62104
65800 70.8904 -405.555 3.61957
65900 71.1563 -405.642 3.61672
66000 71.4227 -405.382 3.61775
66100 71.6898 -405.372 3.61757
66200 71.9575 -405.45 3.61686
66300 72.2257 -405.149 3.6155
66400 72.4946 -405.546 3.61861
66500 72.7641 -405.463 3.61874
66600 73.0342 -405.59 3.61984
66700 73.3049 -405.514 3.61882
66800 73.5762 -405.598 3.61867
66900 73.8481 -405.14 3.61646
67000 74.1207 -405.597 3.61607
67100 74.3938 -405.557 3.6161
67200 74.6676 -405.667 3.61613
67300 74.9419 -405.615 3.61553
67400 75.2169 -405.5 3.6173
67500 75.4925 -405.444 3.61632
67600 75.7687 -405.603 3.61687
67700 76.0455 -405.678 3.61495
67800 76.3229 -405.589 3.61103
67900 76.601 -405.789 3.61117
68000 76.8797 -405.603 3.61478
68100 77.1589 -405.566 3.61651
68200 77.4388 -405.669 3.6186
68300 77.7193 -405.397 3.62286
68400 78.0005 -405.676 3.62553
68500 78.2822 -405.649 3.62925
68600 78.5646 -405.676 3.62975
68700 78.8475 -405.675 3.62728
68800 79.1311 -405.81 3.62676
68900 79.4154 -405.565 3.63229
69000 79.7002 -405.51 3.63292
69100 79.9856 -405.409 3.63643
69200 80.2717 -405.016 3.63791
69300 80.5584 -405.509 3.64018
69400 80.8457 -405.527 3.63927
69500 81.1337 -405.547 3.64015
69600 81.4222 -405.614 3.63877
69700 81.7114 -405.315 3.64082
69800 82.0012 -405.276 3.64016
69900 82.2917 -405.404 3.63758
70000 82.5827 -382.086 3.63748
70100 82.8744 -404.772 3.6369
70200 83.1667 -405.042 3.63578
70300 83.4596 -405.36 3.64056
70400 83.7532 -405.319 3.63892
70500 84.0474 -405.491 3.6377
70600 84.3422 -405.275 3.63741
70700 84.6376 -405.585 3.636
70800 84.9337 -405.405 3.63528
70900 85.2304 -405.567 3.63754
71000 85.5277 -405.538 3.63982
71100 85.8256 -405.547 3.63861
71200 86.1242 -405.225 3.63674
71300 86.4234 -405.531 3.63853
71400 86.7232 -405.715 3.6394
71500 87.0237 -402.62 3.6369
71600 87.3248 -405.381 3.63665
71700 87.6265 -405.358 3.63727
71800 87.9289 -405.493 3.63729
71900 88.2319 -405.228 3.63884
72000 88.5355 -405.457 3.63772
72100 88.8398 -405.515 3.63547
72200 89.1447 -405.523 3.63277
72300 89.4502 -405.663 3.63116
72400 89.7564 -405.66 3.62993
72500 90.0632 -405.72 3.6319
72600 90.3706 -403.622 3.63341
72700 90.6787 -405.466 3.63165
72800 90.9874 -405.72 3.6267
72900 91.2967 -405.71 3.62532
73000 91.6067 -405.859 3.62442
73100 91.9173 -405.862 3.62305
73200 92.2286 -405.688 3.62551
73300 92.5404 -405.64 3.62149
73400 92.853 -405.804 3.62158
73500 93.1661 -405.849 3.62129
73600 93.48 -405.784 3.62042
73700 93.7944 -405.736 3.62248
73800 94.1095 -405.803 3.6223
73900 94.4252 -405.959 3.62239
74000 94.7416 -405.757 3.621
74100 95.0586 -405.669 3.62345
74200 95.3763 -405.754 3.62494
74300 95.6946 -405.879 3.62828
74400 96.0135 -405.278 3.62538
74500 96.3331 -405.453 3.62411
74600 96.6533 -405.661 3.62273
74700 96.9742 -405.708 3.61992
74800 97.2957 -405.833 3.62188
74900 97.6179 -405.722 3.62229
75000 97.9407 -405.669 3.62316
75100 98.2642 -405.762 3.62625
75200 98.5883 -405.676 3.62483
75300 98.913 -405.69 3.62722
75400 99.2384 -405.857 3.62718
75500 99.5645 -405.778 3.62995
75600 99.8912 -405.793 3.62721
75700 100.219 -405.747 3.6255
75800 100.547 -405.797 3.62173
75900 100.875 -405.63 3.62032
76000 101.204 -405.74 3.62666
76100 101.534 -405.614 3.62671
76200 101.865 -405.639 3.62733
76300 102.196 -405.631 3.6287
76400 102.528 -405.348 3.6298
76500 102.861 -405.686 3.6299
76600 103.194 -405.642 3.62784
76700 103.528 -405.708 3.62886
76800 103.862 -405.655 3.632
76900 104.197 -405.61 3.62813
77000 104.533 -405.719 3.63045
77100 104.87 -405.874 3.63225
77200 105.207 -405.689 3.63007
77300 105.545 -405.769 3.63023
77400 105.883 -405.609 3.62794
77500 106.222 -405.594 3.62774
77600 106.562 -405.802 3.62889
77700 106.902 -405.825 3.62725
77800 107.243 -405.769 3.62797
77900 107.585 -405.783 3.63002
78000 107.928 -405.742 3.63107
78100 108.271 -405.796 3.62991
78200 108.614 -405.758 3.62788
78300 108.959 -405.73 3.62783
78400 109.304 -405.636 3.63133
78500 109.649 -405.688 3.62576
78600 109.996 -405.624 3.62782
78700 110.343 -405.552 3.62763
78800 110.69 -405.614 3.62387
78900 111.039 -405.685 3.62291
79000 111.388 -405.701 3.62456
79100 111.737 -405.57 3.62521
79200 112.088 -405.76 3.62914
79300 112.439 -405.658 3.62714
79400 112.79 -405.777 3.62798
79500 113.143 -405.716 3.63038
79600 113.496 -405.757 3.63174
79700 113.849 -390.785 3.63049
79800 114.204 -404.5 3.62881
79900 114.559 -405.033 3.6283
80000 114.914 -405.32 3.63032
80100 115.271 -405.417 3.62987
80200 115.628 -404.524 3.62857
80300 115.985 -405.384 3.62915
80400 116.344 -405.566 3.62647
80500 116.703 -405.922 3.62942
80600 117.062 -405.744 3.62826
80700 117.422 -405.867 3.62467
80800 117.783 -335.679 3.62617
80900 118.145 -401.379 3.62456
81000 118.508 -402.26 3.6269
81100 118.871 -402.802 3.63045
81200 119.234 -402.858 3.62967
81300 119.599 -402.88 3.62732
81400 119.964 -402.986 3.62674
81500 120.329 -403.107 3.63314
81600 120.696 -402.912 3.63502
81700 121.063 -402.629 3.63719
81800 121.43 -402.89 3.63568
81900 121.799 -402.963 3.63532
82000 122.168 -403.111 3.63505
82100 122.538 -403.176 3.63683
82200 122.908 -403.252 3.63531
82300 123.279 -403.292 3.63589
82400 123.651 -403.347 3.63965
82500 124.023 -403.32 3.64268
82600 124.397 -402.969 3.64279
82700 124.77 -403.187 3.64902
82800 125.145 -403.117 3.64863
82900 125.52 -403.234 3.6494
83000 125.896 -403.263 3.64554
83100 126.272 -403.272 3.64951
83200 126.65 -403.29 3.6513
83300 127.028 -403.177 3.65481
83400 127.406 -403.267 3.65719
83500 127.785 -403.25 3.65572
83600 128.165 -403.307 3.65613
83700 128.546 -403.108 3.65434
83800 128.927 -403.116 3.65539
83900 129.309 -403.276 3.65489
84000 129.692 -403.29 3.65735
84100 130.075 -403.291 3.65657
84200 130.459 -403.41 3.6591
84300 130.844 -403.3 3.65955
84400 131.229 -403.378 3.6574
84500 131.616 -403.416 3.65947
84600 132.002 -403.308 3.65966
84700 132.39 -402.502 3.6611
84800 132.778 -403.096 3.6604
84900 133.167 -403.332 3.66216
85000 133.556 -403.27 3.66723
85100 133.947 -401.797 3.66528
85200 134.337 -403.141 3.66479
85300 134.729 -401.694 3.66594
85400 135.121 -401.92 3.66574
85500 135.514 -401.903 3.66576
85600 135.908 -402.038 3.66572
85700 136.302 -402.053 3.66377
85800 136.697 -402.447 3.66502
85900 137.093 -402.295 3.66363
86000 137.489 -402.343 3.66753
86100 137.887 -402.38 3.66952
86200 138.284 -402.423 3.66948
86300 138.683 -402.381 3.67263
86400 139.082 -401.931 3.67187
86500 139.482 -402.15 3.67211
86600 139.883 -402.345 3.67332
86700 140.284 -402.383 3.67152
86800 140.686 -402.397 3.67147
86900 141.089 -402.401 3.67313
87000 141.492 -402.572 3.67211
87100 141.896 -402.562 3.67151
87200 142.301 -402.581 3.67345
87300 142.706 -401.981 3.6748
87400 143.112 -402.617 3.67627
87500 143.519 -402.64 3.67975
87600 143.927 -402.692 3.67907
87700 144.335 -402.591 3.67796
87800 144.744 -402.558 3.6785
87900 145.154 -402.759 3.67835
88000 145.564 -402.64 3.67526
88100 145.975 -402.633 3.67411
88200 146.387 -402.622 3.67622
88300 146.799 -402.637 3.67764
88400 147.212 -402.615 3.67823
88500 147.626 -402.654 3.68037
88600 148.041 -402.661 3.6824
88700 148.456 -402.56 3.68181
88800 148.872 -402.64 3.68177
88900 149.289 -402.625 3.68276
89000 149.706 -402.657 3.68346
89100 150.124 -402.535 3.68589
89200 150.543 -402.533 3.68613
89300 150.962 -402.742 3.68747
89400 151.382 -402.587 3.69096
89500 151.803 -402.56 3.68895
89600 152.225 -402.532 3.68834
89700 152.647 -402.65 3.68594
89800 153.07 -402.652 3.68516
89900 153.494 -402.665 3.68432
90000 153.918 -402.327 3.68785
90100 154.343 -402.414 3.68653
90200 154.769 -402.413 3.6874
90300 155.196 -402.417 3.69286
90400 155.623 -402.461 3.69138
90500 156.051 -402.339 3.69094
90600 156.48 -402.545 3.68913
90700 156.909 -402.544 3.68428
90800 157.339 -402.617 3.68303
90900 157.77 -402.63 3.68672
91000 158.201 -401 3.68849
91100 158.634 -402.359 3.69003
91200 159.067 -402.452 3.68947
91300 159.5 -402.617 3.69283
91400 159.935 -402.716 3.69326
91500 160.37 -402.816 3.69007
91600 160.806 -402.83 3.69077
91700 161.242 -402.695 3.69206
91800 161.679 -402.618 3.69347
91900 162.117 -402.701 3.69424
92000 162.556 -402.664 3.69443
92100 162.995 -402.678 3.69551
92200 163.435 -402.726 3.69546
92300 163.876 -402.677 3.69152
92400 164.318 -402.63 3.69154
92500 164.76 -402.671 3.69345
92600 165.203 -402.687 3.69071
92700 165.646 -402.754 3.6904
92800 166.091 -402.72 3.69105
92900 166.536 -402.737 3.68844
93000 166.982 -402.777 3.68502
93100 167.428 -402.717 3.68674
93200 167.876 -402.519 3.68594
93300 168.324 -402.538 3.68149
93400 168.772 -402.575 3.68087
93500 169.222 -402.536 3.68268
93600 169.672 -402.615 3.68611
93700 170.123 -402.658 3.68617
93800 170.574 -402.675 3.6858
93900 171.027 -402.595 3.68269
94000 171.48 -402.146 3.68243
94100 171.933 -402.495 3.68469
94200 172.388 -402.552 3.68468
94300 172.843 -402.592 3.68666
94400 173.299 -402.645 3.68818
94500 173.756 -402.547 3.68253
94600 174.213 -401.997 3.68455
94700 174.671 -402.165 3.6852
94800 175.13 -402.386 3.68661
94900 175.59 -402.529 3.68762
95000 176.05 -402.581 3.68778
95100 176.511 -402.543 3.6841
95200 176.973 -402.684 3.68482
95300 177.435 -402.677 3.68404
95400 177.898 -402.687 3.68034
95500 178.362 -402.743 3.68335
95600 178.827 -402.695 3.68403
95700 179.292 -402.79 3.68438
95800 179.759 -402.614 3.68507
95900 180.225 -402.554 3.68418
96000 180.693 -402.406 3.68169
96100 181.161 -402.448 3.68366
96200 181.63 -402.465 3.6872
96300 182.1 -402.36 3.68915
96400 182.571 -402.439 3.69076
96500 183.042 -402.41 3.69052
96600 183.514 -402.458 3.68795
96700 183.987 -402.521 3.68848
96800 184.46 -402.578 3.69012
96900 184.934 -402.682 3.69105
97000 185.409 -402.662 3.69147
97100 185.885 -402.667 3.68954
97200 186.361 -402.654 3.68805
97300 186.838 -402.721 3.69089
97400 187.316 -402.672 3.68758
97500 187.795 -402.639 3.68759
97600 188.274 -402.718 3.68569
97700 188.754 -402.724 3.68512
97800 189.235 -402.689 3.68459
97900 189.716 -402.566 3.68436
98000 190.199 -402.691 3.6817
98100 190.682 -402.669 3.68048
98200 191.166 -402.47 3.67996
98300 191.65 -402.706 3.68032
98400 192.135 -402.65 3.68166
98500 192.621 -402.614 3.68218
98600 193.108 -402.653 3.67862
98700 193.595 -402.745 3.67733
98800 194.084 -402.705 3.67809
98900 194.573 -402.776 3.67912
99000 195.062 -402.692 3.6779
99100 195.553 -377.64 3.67488
99200 196.044 -400.574 3.67704
99300 196.536 -400.938 3.6779
99400 197.028 -401.074 3.67804
99500 197.522 -401.142 3.68258
99600 198.016 -401.142 3.68671
99700 198.511 -401.239 3.6858
99800 199.006 -401.237 3.68972
99900 199.503 -401.258 3.691
100000 200 -401.359 3.6945
