100 1.0001 2864.73 2.5033
200 1.0004 2325.58 2.50581
300 1.00089 2116.63 2.51013
400 1.00158 2032.76 2.5139
500 1.00248 2009.31 2.51858
600 1.00356 1996.23 2.52251
700 1.00485 1969.38 2.52517
800 1.00634 1990.15 2.5273
900 1.00802 1978.32 2.52893
1000 1.0099 1951.08 2.53185
1100 1.01198 1951.61 2.53271
1200 1.01426 1935.3 2.53524
1300 1.01673 1944.02 2.53787
1400 1.0194 1917.31 2.54099
1500 1.02228 1895.23 2.5444
1600 1.02534 1901.29 2.54754
1700 1.02861 1876.11 2.55151
1800 1.03208 1865.48 2.55579
1900 1.03574 1851.98 2.56138
2000 1.0396 1848.44 2.56438
2100 1.04366 1826.94 2.56751
2200 1.04792 1828.26 2.57199
2300 1.05237 1796.03 2.57783
2400 1.05702 1788.42 2.58024
2500 1.06188 1765.47 2.58205
2600 1.06692 1780.53 2.58473
2700 1.07217 1772.38 2.5867
2800 1.07762 1739.05 2.59194
2900 1.08326 1733.72 2.59839
3000 1.0891 1718.74 2.60205
3100 1.09514 1714.37 2.60535
3200 1.10138 1701.32 2.60854
3300 1.10781 1674 2.6146
3400 1.11444 1674.79 2.61931
3500 1.12128 1643.84 2.62101
3600 1.1283 1631.87 2.62546
3700 1.13553 1627.79 2.62952
3800 1.14296 1638.36 2.63276
3900 1.15058 1642.55 2.63517
4000 1.1584 1609.65 2.63671
4100 1.16642 1609.22 2.64165
4200 1.17464 1601.37 2.64568
4300 1.18305 1587.33 2.65059
4400 1.19166 1573.79 2.65509
4500 1.20047 1586.34 2.65518
4600 1.20948 1566.14 2.66038
4700 1.21869 1562.44 2.66231
4800 1.2281 1555.97 2.6632
4900 1.2377 1550.61 2.66499
5000 1.2475 1551.18 2.6666
5100 1.2575 1530.9 2.66809
5200 1.2677 1520.45 2.67455
5300 1.27809 1519.49 2.67931
5400 1.28868 1501.54 2.68032
5500 1.29947 1490.43 2.68399
5600 1.31046 1486.09 2.68858
5700 1.32165 1494.97 2.69021
5800 1.33304 1481.84 2.69377
5900 1.34462 1454.09 2.70014
6000 1.3564 1453.88 2.70611
6100 1.36838 1446.84 2.70814
6200 1.38056 1437.02 2.71252
6300 1.39293 1424.27 2.71471
6400 1.4055 1400 2.72081
6500 1.41827 1382.03 2.728
6600 1.43124 1388.34 2.73231
6700 1.44441 1393.9 2.73494
6800 1.45778 1370.3 2.73665
6900 1.47134 1360.61 2.74062
7000 1.4851 1348.3 2.74626
7100 1.49906 1354.49 2.74959
7200 1.51322 1316.28 2.75384
7300 1.52757 1322.08 2.75953
7400 1.54212 1315.66 2.76315
7500 1.55688 1304.83 2.76586
7600 1.57182 1294.84 2.76985
7700 1.58697 1301.58 2.7755
7800 1.60232 1300.02 2.77856
7900 1.61786 1294.03 2.78104
8000 1.6336 1271.91 2.78386
8100 1.64954 1262.52 2.78767
8200 1.66568 1265.9 2.78831
8300 1.68201 1246.08 2.79231
8400 1.69854 1236.99 2.79535
8500 1.71528 1233.61 2.80099
8600 1.7322 1217.59 2.8064
8700 1.74933 1209.12 2.81079
8800 1.76666 1208.03 2.81551
8900 1.78418 1197.3 2.82044
9000 1.8019 1185.27 2.82354
9100 1.81982 1179.88 2.82409
9200 1.83794 1178.33 2.8291
9300 1.85625 1167.52 2.83191
9400 1.87476 1153.91 2.83874
9500 1.89348 1140.19 2.84502
9600 1.91238 1122.36 2.85064
9700 1.93149 1125.98 2.85592
9800 1.9508 1108.3 2.85823
9900 1.9703 1100.78 2.86407
10000 1.99 1080.43 2.87227
10100 2.0099 1077.03 2.87643
10200 2.03 1063.05 2.88238
10300 2.05029 1052.61 2.88521
10400 2.07078 1050.73 2.88947
10500 2.09147 1043.01 2.89432
10600 2.11236 1036.82 2.89645
10700 2.13345 1035.91 2.89938
10800 2.15474 1010.36 2.90579
10900 2.17622 1001.25 2.91296
11000 2.1979 999.837 2.91686
11100 2.21978 996.882 2.92289
11200 2.24186 986.455 2.92948
11300 2.26413 987.097 2.93196
11400 2.2866 979.048 2.93642
11500 2.30927 964.75 2.94123
11600 2.33214 953.078 2.94664
11700 2.35521 951.999 2.95135
11800 2.37848 933.628 2.95555
11900 2.40194 938.735 2.95937
12000 2.4256 922.847 2.96398
12100 2.44946 928.072 2.96697
12200 2.47352 912.763 2.97227
12300 2.49777 899.943 2.97606
12400 2.52222 889.695 2.98202
12500 2.54688 893.57 2.98624
12600 2.57172 877.894 2.99177
12700 2.59677 873.89 2.99556
12800 2.62202 852.857 3.00101
12900 2.64746 848.216 3.00455
13000 2.6731 849.519 3.01031
13100 2.69894 836.755 3.01581
13200 2.72498 824.759 3.02049
13300 2.75121 810.306 3.0267
13400 2.77764 811.188 3.03194
13500 2.80428 807.165 3.03443
13600 2.8311 790.074 3.04089
13700 2.85813 797.754 3.04322
13800 2.88536 767.106 3.04844
13900 2.91278 779.587 3.05223
14000 2.9404 771.411 3.0558
14100 2.96822 761.545 3.06103
14200 2.99624 753.015 3.06846
14300 3.02445 734.192 3.07411
14400 3.05286 746.726 3.07846
14500 3.08147 733.131 3.08709
14600 3.11028 717.745 3.09
14700 3.13929 703.303 3.09584
14800 3.1685 679.236 3.10224
14900 3.1979 709.545 3.10796
15000 3.2275 661.717 3.11162
15100 3.2573 689.226 3.1175
15200 3.2873 677.072 3.12096
15300 3.31749 675.047 3.12554
15400 3.34788 676.59 3.12634
15500 3.37848 646.64 3.1342
15600 3.40926 652.542 3.13987
15700 3.44025 647.193 3.14373
15800 3.47144 651.561 3.1508
15900 3.50282 624.643 3.15939
16000 3.5344 622.111 3.16334
16100 3.56618 607.991 3.1684
16200 3.59816 608.853 3.17508
16300 3.63033 608.241 3.1788
16400 3.6627 585.167 3.1867
16500 3.69528 593.331 3.19345
16600 3.72804 584.305 3.19809
16700 3.76101 581.243 3.20579
16800 3.79418 573.599 3.2093
16900 3.82754 550.047 3.21519
17000 3.8611 541.528 3.21792
17100 3.89486 554.353 3.22392
17200 3.92882 534.263 3.23082
17300 3.96297 478.743 3.23343
17400 3.99732 490.154 3.24197
17500 4.03187 465.726 3.24645
17600 4.06662 474.65 3.25169
17700 4.10157 468.793 3.25541
17800 4.13672 436.949 3.25864
17900 4.17206 449.915 3.26437
18000 4.2076 418.912 3.27171
18100 4.24334 442.985 3.27425
18200 4.27928 386.015 3.27712
18300 4.31541 363.479 3.28373
18400 4.35174 360.129 3.28822
18500 4.38828 291.078 3.29521
18600 4.425 280.428 3.30164
18700 4.46193 294.748 3.30607
18800 4.49906 266.904 3.31284
18900 4.53638 216.243 3.31513
19000 4.5739 248.729 3.31746
19100 4.61162 200.11 3.32256
19200 4.64954 231.12 3.32879
19300 4.68765 273.08 3.33513
19400 4.72596 231.911 3.33988
19500 4.76448 311.114 3.34447
19600 4.80318 224.181 3.35122
19700 4.84209 215.682 3.35607
19800 4.8812 203.81 3.35944
19900 4.9205 77.6592 3.36526
20000 4.96 35.9932 3.372
20100 4.9997 20.8712 3.37968
20200 5.0396 -16.1498 3.38046
20300 5.07969 -81.5846 3.38634
20400 5.11998 -82.5109 3.39267
20500 5.16047 -108.146 3.39778
20600 5.20116 -187.713 3.40081
20700 5.24205 -189.794 3.40091
20800 5.28314 -170.798 3.40683
20900 5.32442 -89.885 3.40932
21000 5.3659 -207.909 3.41263
21100 5.40758 -246.231 3.41238
21200 5.44946 -263.407 3.41084
21300 5.49153 -257.935 3.41567
21400 5.5338 -186.855 3.41526
21500 5.57627 -143.536 3.41719
21600 5.61894 -160.033 3.42005
21700 5.66181 -148.685 3.42168
21800 5.70488 -207.816 3.4261
21900 5.74814 -168.529 3.43022
22000 5.7916 -211.533 3.43179
22100 5.83526 -187.217 3.43479
22200 5.87912 -233.569 3.43962
22300 5.92317 -261.897 3.44374
22400 5.96742 -214.293 3.44677
22500 6.01188 -204.454 3.45114
22600 6.05652 -258.246 3.4531
22700 6.10137 -244.719 3.4548
22800 6.14642 -264.768 3.45658
22900 6.19166 -303.243 3.45698
23000 6.2371 -281.031 3.46174
23100 6.28274 -332.12 3.46214
23200 6.32858 -333.494 3.4618
23300 6.37461 -345.355 3.46407
23400 6.42084 -311.067 3.46701
23500 6.46727 -345.243 3.46886
23600 6.5139 -362.768 3.46952
23700 6.56073 -360.665 3.47384
23800 6.60776 -358.881 3.47369
23900 6.65498 -344.538 3.47648
24000 6.7024 -364.58 3.47704
24100 6.75002 -366.042 3.47869
24200 6.79784 -349.233 3.48002
24300 6.84585 -353.795 3.48281
24400 6.89406 -371.385 3.4848
24500 6.94247 -360.828 3.4851
24600 6.99108 -363.956 3.48765
24700 7.03989 -362.748 3.49258
24800 7.0889 -370.864 3.49376
24900 7.1381 -365.012 3.49573
25000 7.1875 -357.974 3.50045
25100 7.2371 -363.649 3.49925
25200 7.2869 -343.282 3.4998
25300 7.33689 -350.442 3.50546
25400 7.38708 -342.513 3.50714
25500 7.43748 -375.809 3.5096
25600 7.48806 -368.515 3.50718
25700 7.53885 -373.356 3.50709
25800 7.58984 -380.443 3.51048
25900 7.64102 -378.702 3.50712
26000 7.6924 -364.411 3.50647
26100 7.74398 -380.985 3.51135
26200 7.79576 -380.641 3.51325
26300 7.84773 -382.024 3.51503
26400 7.8999 -381.797 3.51458
26500 7.95228 -381.463 3.51556
26600 8.00484 -383.333 3.51739
26700 8.05761 -381.674 3.52063
26800 8.11058 -381.241 3.52093
26900 8.16374 -383.416 3.52239
27000 8.2171 -377.202 3.52565
27100 8.27066 -366.13 3.52619
27200 8.32442 -368.518 3.52724
27300 8.37837 -357.683 3.53118
27400 8.43252 -349.096 3.53092
27500 8.48688 -368.931 3.53079
27600 8.54142 -373.346 3.53292
27700 8.59617 -373.942 3.53405
27800 8.65112 -365.986 3.53582
27900 8.70626 -366.348 3.53655
28000 8.7616 -380.362 3.53766
28100 8.81714 -380.126 3.53789
28200 8.87288 -379.761 3.53727
28300 8.92881 -353.986 3.53387
28400 8.98494 -350.184 3.53474
28500 9.04127 -370.171 3.53951
28600 9.0978 -376.344 3.53771
28700 9.15453 -368.495 3.53964
28800 9.21146 -375.017 3.54074
28900 9.26858 -364.669 3.541
29000 9.3259 -378.989 3.5425
29100 9.38342 -375.847 3.54389
29200 9.44114 -356.754 3.54119
29300 9.49905 -364.294 3.53838
29400 9.55716 -379.139 3.53421
29500 9.61547 -379.638 3.53279
29600 9.67398 -364.657 3.53299
29700 9.73269 -367.018 3.53038
29800 9.7916 -362.687 3.52821
29900 9.8507 -362.531 3.53071
30000 9.91 -360.708 3.53405
30100 9.9695 -379.187 3.5362
30200 10.0292 -381.68 3.53636
30300 10.0891 -381.313 3.54273
30400 10.1492 -380.793 3.54443
30500 10.2095 -378.005 3.54352
30600 10.27 -384.029 3.54217
30700 10.3307 -363.481 3.54375
30800 10.3915 -383.128 3.54122
30900 10.4526 -352.697 3.54031
31000 10.5139 -384.92 3.54088
31100 10.5754 -384.19 3.54248
31200 10.6371 -376.283 3.54365
31300 10.6989 -383.544 3.54641
31400 10.761 -385.109 3.54767
31500 10.8233 -385.699 3.5467
31600 10.8857 -384.245 3.54544
31700 10.9484 -378.878 3.54172
31800 11.0113 -385.335 3.54485
31900 11.0743 -377.485 3.54524
32000 11.1376 -383.939 3.54666
32100 11.2011 -384.677 3.54762
32200 11.2647 -377.756 3.54643
32300 11.3286 -384.529 3.54765
32400 11.3926 -378.616 3.54563
32500 11.4569 -380.395 3.54573
32600 11.5213 -387.505 3.54628
32700 11.586 -386.704 3.54927
32800 11.6508 -386.202 3.55118
32900 11.7159 -378.542 3.55103
33000 11.7811 -387.285 3.55125
33100 11.8465 -376.963 3.55042
33200 11.9122 -380.747 3.55152
33300 11.978 -387.155 3.55331
33400 12.044 -387.266 3.55182
33500 12.1103 -388.083 3.55575
33600 12.1767 -388.946 3.55463
33700 12.2433 -389.379 3.55415
33800 12.3102 -389.612 3.5537
33900 12.3772 -387.799 3.55248
34000 12.4444 -387.824 3.55652
34100 12.5118 -389.191 3.5524
34200 12.5794 -389.641 3.55341
34300 12.6473 -389.423 3.55616
34400 12.7153 -390.486 3.55557
34500 12.7835 -382.634 3.55306
34600 12.8519 -373.411 3.55171
34700 12.9205 -389.417 3.55056
34800 12.9893 -387.567 3.55121
34900 13.0583 -389.547 3.55295
35000 13.1275 -390.936 3.55356
35100 13.1969 -387.925 3.55589
35200 13.2665 -388.843 3.55274
35300 13.3363 -388.69 3.55491
35400 13.4063 -389.424 3.55551
35500 13.4765 -389.165 3.55388
35600 13.5469 -388.984 3.5585
35700 13.6175 -388.97 3.55776
35800 13.6882 -389.751 3.55654
35900 13.7592 -381.047 3.55766
36000 13.8304 -392.248 3.55714
36100 13.9018 -391.936 3.55503
36200 13.9734 -390.98 3.55588
36300 14.0451 -391.97 3.55764
36400 14.1171 -392.052 3.5558
36500 14.1893 -391.602 3.55644
36600 14.2616 -392.538 3.56012
36700 14.3342 -391.803 3.56297
36800 14.407 -391.69 3.56404
36900 14.4799 -392.271 3.56504
37000 14.5531 -392.752 3.56716
37100 14.6265 -392.383 3.56519
37200 14.7 -381.446 3.5631
37300 14.7738 -391.106 3.56572
37400 14.8477 -392.554 3.568
37500 14.9219 -383.251 3.56662
37600 14.9962 -390.099 3.56724
37700 15.0708 -387.039 3.56711
37800 15.1455 -393.466 3.56818
37900 15.2205 -386.777 3.56668
38000 15.2956 -393.966 3.56858
38100 15.3709 -385.41 3.56851
38200 15.4465 -388.33 3.56663
38300 15.5222 -388.016 3.56858
38400 15.5981 -394.512 3.5661
38500 15.6743 -394.68 3.56783
38600 15.7506 -379.428 3.56659
38700 15.8271 -394.18 3.56864
38800 15.9039 -388.89 3.56714
38900 15.9808 -392.799 3.57342
39000 16.0579 -394.215 3.57464
39100 16.1352 -388.395 3.57149
39200 16.2127 -395.229 3.5731
39300 16.2905 -395.493 3.57383
39400 16.3684 -389.362 3.57516
39500 16.4465 -394.989 3.5745
39600 16.5248 -395.961 3.57502
39700 16.6033 -393.85 3.57477
39800 16.682 -394.412 3.57539
39900 16.7609 -376.726 3.579
40000 16.84 -395.593 3.57764
40100 16.9193 -395.438 3.57748
40200 16.9988 -395.559 3.5768
40300 17.0785 -388.626 3.58374
40400 17.1584 -386.301 3.58554
40500 17.2385 -379.495 3.58838
40600 17.3188 -391.564 3.58646
40700 17.3993 -387.947 3.58671
40800 17.4799 -394.997 3.58781
40900 17.5608 -394.493 3.58891
41000 17.6419 -395.751 3.58327
41100 17.7232 -394.824 3.58307
41200 17.8047 -395.183 3.58603
41300 17.8863 -395.602 3.58698
41400 17.9682 -395.231 3.58819
41500 18.0503 -395.178 3.58624
41600 18.1325 -396.536 3.58662
41700 18.215 -396.756 3.58451
41800 18.2977 -395.983 3.58623
41900 18.3805 -396.244 3.58664
42000 18.4636 -396.26 3.58914
42100 18.5469 -395.744 3.58979
42200 18.6303 -396.843 3.58951
42300 18.714 -396.203 3.5886
42400 18.7978 -396.25 3.58674
42500 18.8819 -395.678 3.58699
42600 18.9661 -395.978 3.58629
42700 19.0506 -397.183 3.5858
42800 19.1352 -396.979 3.58992
42900 19.2201 -396.81 3.59268
43000 19.3051 -384.889 3.58958
43100 19.3903 -396.822 3.58832
43200 19.4758 -396.219 3.59054
43300 19.5614 -397.469 3.59217
43400 19.6472 -396.864 3.59292
43500 19.7333 -397.35 3.59058
43600 19.8195 -397.528 3.59736
43700 19.9059 -396.521 3.60059
43800 19.9926 -397.102 3.60292
43900 20.0794 -397.646 3.60329
44000 20.1664 -397.283 3.60292
44100 20.2536 -396.899 3.6038
44200 20.341 -396.943 3.60691
44300 20.4287 -396.908 3.61045
44400 20.5165 -398.174 3.61055
44500 20.6045 -397.394 3.61115
44600 20.6927 -397.124 3.61357
44700 20.7811 -397.349 3.6099
44800 20.8697 -396.933 3.60637
44900 20.9585 -396.59 3.60438
45000 21.0475 -397.938 3.60684
45100 21.1367 -396.477 3.60511
45200 21.2261 -397.439 3.60385
45300 21.3157 -397.184 3.60251
45400 21.4055 -397.663 3.60293
45500 21.4955 -396.862 3.60391
45600 21.5857 -395.613 3.60333
45700 21.6761 -395.371 3.60414
45800 21.7666 -395.824 3.60423
45900 21.8574 -396.112 3.6082
46000 21.9484 -395.767 3.60658
46100 22.0396 -395.407 3.6067
46200 22.131 -395.921 3.60682
46300 22.2225 -395.595 3.60949
46400 22.3143 -396.35 3.61474
46500 22.4063 -396.305 3.61838
46600 22.4984 -387.777 3.61991
46700 22.5908 -396.231 3.62078
46800 22.6834 -396.865 3.62274
46900 22.7761 -396.355 3.62213
47000 22.8691 -396.329 3.62471
47100 22.9623 -395.986 3.62287
47200 23.0556 -396.565 3.61998
47300 23.1492 -396.583 3.62279
47400 23.2429 -396.898 3.62272
47500 23.3369 -396.565 3.62335
47600 23.431 -396.146 3.62324
47700 23.5254 -396.847 3.62197
47800 23.6199 -396.514 3.62151
47900 23.7147 -396.897 3.61868
48000 23.8096 -396.612 3.61906
48100 23.9047 -396.247 3.62243
48200 24.0001 -396.669 3.62287
48300 24.0956 -395.894 3.61959
48400 24.1913 -396.23 3.62185
48500 24.2873 -388.55 3.62414
48600 24.3834 -396.688 3.62235
48700 24.4797 -396.647 3.62488
48800 24.5763 -396.51 3.62806
48900 24.673 -396.823 3.63132
49000 24.7699 -396.787 3.62952
49100 24.867 -396.934 3.62913
49200 24.9643 -396.258 3.62982
49300 25.0619 -395.994 3.63042
49400 25.1596 -396.925 3.63233
49500 25.2575 -396.452 3.62957
49600 25.3556 -397.042 3.62855
49700 25.4539 -397.449 3.62891
49800 25.5524 -397.232 3.62713
49900 25.6511 -396.857 3.62577
50000 25.75 -397.414 3.62592
50100 25.8491 -397.117 3.62451
50200 25.9484 -397.443 3.62066
50300 26.0479 -396.966 3.61951
50400 26.1476 -396.992 3.62029
50500 26.2475 -396.802 3.61901
50600 26.3476 -396.88 3.62013
50700 26.4479 -397.403 3.6225
50800 26.5483 -396.929 3.62497
50900 26.649 -397.175 3.62806
51000 26.7499 -397.679 3.62802
51100 26.851 -397.097 3.62684
51200 26.9523 -397.305 3.62929
51300 27.0537 -397.189 3.62963
51400 27.1554 -397.4 3.62945
51500 27.2573 -397.078 3.63076
51600 27.3593 -397.616 3.63523
51700 27.4616 -397.589 3.63746
51800 27.5641 -396.727 3.64053
51900 27.6667 -397.478 3.6426
52000 27.7696 -397.118 3.64625
52100 27.8727 -397.33 3.64774
52200 27.9759 -397.913 3.64674
52300 28.0794 -397.394 3.64778
52400 28.183 -398.151 3.64951
52500 28.2869 -397.154 3.65032
52600 28.3909 -397.782 3.65279
52700 28.4952 -398.12 3.65421
52800 28.5996 -397.891 3.65469
52900 28.7043 -397.7 3.6589
53000 28.8091 -397.487 3.65899
53100 28.9141 -398.346 3.66235
53200 29.0194 -398.308 3.66069
53300 29.1248 -396.073 3.65827
53400 29.2304 -397.732 3.65498
53500 29.3363 -397.926 3.65551
53600 29.4423 -398.196 3.64997
53700 29.5485 -397.796 3.6491
53800 29.655 -398.632 3.64984
53900 29.7616 -398.332 3.65023
54000 29.8684 -398.655 3.65028
54100 29.9754 -398.615 3.64953
54200 30.0826 -398.26 3.65211
54300 30.1901 -398.765 3.6522
54400 30.2977 -398.336 3.65378
54500 30.4055 -397.717 3.65396
54600 30.5135 -398.759 3.65315
54700 30.6217 -399.08 3.65375
54800 30.7301 -398.869 3.65469
54900 30.8387 -399.188 3.65523
55000 30.9475 -398.65 3.65365
55100 31.0565 -399.242 3.65197
55200 31.1657 -398.771 3.65157
55300 31.2751 -398.544 3.65351
55400 31.3847 -398.446 3.652
55500 31.4945 -398.84 3.65172
55600 31.6045 -398.738 3.6492
55700 31.7147 -398.977 3.65139
55800 31.825 -398.766 3.64903
55900 31.9356 -398.795 3.65237
56000 32.0464 -399.373 3.653
56100 32.1574 -398.717 3.65644
56200 32.2686 -398.905 3.65872
56300 32.3799 -398.55 3.6626
56400 32.4915 -399.199 3.66118
56500 32.6033 -399.283 3.66342
56600 32.7152 -399.498 3.66543
56700 32.8274 -398.904 3.66534
56800 32.9398 -399.723 3.66475
56900 33.0523 -399.81 3.66082
57000 33.1651 -399.141 3.66212
57100 33.2781 -399.209 3.66037
57200 33.3912 -399.315 3.66393
57300 33.5046 -399.472 3.66126
57400 33.6181 -399.231 3.65958
57500 33.7319 -399.693 3.66357
57600 33.8458 -399.407 3.6629
57700 33.96 -398.955 3.65697
57800 34.0743 -399.006 3.65602
57900 34.1889 -398.681 3.65629
58000 34.3036 -399.496 3.6577
58100 34.4185 -399.549 3.65872
58200 34.5337 -399.184 3.65448
58300 34.649 -399.4 3.65408
58400 34.7645 -399.753 3.65717
58500 34.8803 -399.627 3.65583
58600 34.9962 -399.697 3.65726
58700 35.1123 -398.865 3.65726
58800 35.2287 -399.299 3.65888
58900 35.3452 -399.693 3.66025
59000 35.4619 -399.642 3.65738
59100 35.5788 -399.619 3.65672
59200 35.6959 -399.275 3.65987
59300 35.8133 -399.748 3.6593
59400 35.9308 -399.657 3.6594
59500 36.0485 -400.065 3.66272
59600 36.1664 -399.616 3.66453
59700 36.2845 -399.912 3.6628
59800 36.4028 -399.66 3.66226
59900 36.5213 -399.875 3.66181
60000 36.64 -400.045 3.66389
60100 36.7589 -399.755 3.66386
60200 36.878 -399.771 3.66627
60300 36.9973 -399.744 3.6702
60400 37.1168 -399.851 3.67088
60500 37.2365 -399.127 3.66956
60600 37.3564 -399.359 3.67055
60700 37.4765 -399.911 3.67192
60800 37.5967 -400.137 3.67452
60900 37.7172 -399.991 3.6772
61000 37.8379 -399.849 3.67781
61100 37.9588 -399.966 3.67729
61200 38.0799 -399.659 3.67582
61300 38.2011 -399.788 3.67831
61400 38.3226 -399.353 3.67878
61500 38.4443 -399.655 3.67734
61600 38.5661 -399.66 3.67647
61700 38.6882 -399.82 3.67801
61800 38.8105 -400.378 3.68053
61900 38.9329 -399.783 3.68086
62000 39.0556 -400.299 3.67957
62100 39.1785 -400.403 3.67879
62200 39.3015 -399.848 3.67847
62300 39.4248 -400.326 3.67897
62400 39.5482 -400.24 3.67817
62500 39.6719 -400.057 3.67946
62600 39.7957 -400.028 3.68207
62700 39.9198 -400.344 3.68365
62800 40.044 -400.123 3.68196
62900 40.1685 -399.889 3.68223
63000 40.2931 -400.183 3.68146
63100 40.4179 -400.234 3.6801
63200 40.543 -399.957 3.68161
63300 40.6682 -400.161 3.68344
63400 40.7936 -400.246 3.68595
63500 40.9193 -400.02 3.68606
63600 41.0451 -400.083 3.68652
63700 41.1711 -400.242 3.68596
63800 41.2974 -400.405 3.6874
63900 41.4238 -400.575 3.68553
64000 41.5504 -400.342 3.68472
64100 41.6772 -399.791 3.68547
64200 41.8042 -400.231 3.68438
64300 41.9315 -400.446 3.68473
64400 42.0589 -400.63 3.68635
64500 42.1865 -400.324 3.6863
64600 42.3143 -400.53 3.68706
64700 42.4423 -400.411 3.68623
64800 42.5705 -399.6 3.68761
64900 42.6989 -400.106 3.68701
65000 42.8275 -400.653 3.6876
65100 42.9563 -400.567 3.68461
65200 43.0853 -400.617 3.68776
65300 43.2145 -400.857 3.68866
65400 43.3439 -400.419 3.68953
65500 43.4735 -400.686 3.69212
65600 43.6033 -400.674 3.6925
65700 43.7333 -400.569 3.69259
65800 43.8634 -400.444 3.69177
65900 43.9938 -400.375 3.68864
66000 44.1244 -401.325 3.68792
66100 44.2552 -400.988 3.68981
66200 44.3862 -400.614 3.68781
66300 44.5173 -400.715 3.69081
66400 44.6487 -400.269 3.68742
66500 44.7803 -401.012 3.68783
66600 44.912 -400.844 3.68995
66700 45.044 -401.08 3.69217
66800 45.1762 -400.938 3.69115
66900 45.3085 -400.992 3.69431
67000 45.4411 -401.158 3.69541
67100 45.5739 -401.153 3.6937
67200 45.7068 -400.669 3.69991
67300 45.84 -400.372 3.70131
67400 45.9733 -401.135 3.70294
67500 46.1069 -400.929 3.7007
67600 46.2406 -401.093 3.70065
67700 46.3746 -400.948 3.69917
67800 46.5087 -400.974 3.70016
67900 46.6431 -400.713 3.69768
68000 46.7776 -401.031 3.6989
68100 46.9123 -400.974 3.69707
68200 47.0473 -401.09 3.6964
68300 47.1824 -401.392 3.69188
68400 47.3177 -401.003 3.69598
68500 47.4533 -401.177 3.69423
68600 47.589 -400.871 3.69264
68700 47.7249 -401.008 3.6912
68800 47.8611 -401.143 3.69167
68900 47.9974 -400.749 3.68938
69000 48.1339 -400.605 3.69138
69100 48.2706 -400.884 3.68911
69200 48.4075 -400.606 3.69128
69300 48.5447 -401.099 3.68949
69400 48.682 -400.929 3.6925
69500 48.8195 -401.003 3.69175
69600 48.9572 -401.292 3.69074
69700 49.0951 -401.291 3.68845
69800 49.2332 -400.912 3.6844
69900 49.3715 -401.383 3.68082
70000 49.51 -401.126 3.67981
70100 49.6487 -401.116 3.67929
70200 49.7876 -401.287 3.67952
70300 49.9267 -401.342 3.68184
70400 50.066 -401.341 3.68066
70500 50.2055 -401.062 3.68195
70600 50.3452 -401.163 3.68296
70700 50.4851 -401.443 3.6862
70800 50.6251 -401.364 3.68723
70900 50.7654 -400.83 3.68553
71000 50.9059 -401.04 3.68622
71100 51.0466 -400.981 3.68542
71200 51.1875 -401.157 3.68719
71300 51.3285 -401.254 3.68615
71400 51.4698 -401.609 3.68141
71500 51.6113 -401.216 3.68453
71600 51.7529 -401.262 3.68515
71700 51.8948 -401.148 3.68785
71800 52.0369 -401.297 3.68857
71900 52.1791 -401.388 3.69049
72000 52.3216 -401.508 3.69048
72100 52.4643 -401.152 3.68839
72200 52.6071 -401.321 3.68788
72300 52.7502 -401.414 3.68677
72400 52.8934 -401.257 3.68569
72500 53.0369 -401.298 3.68697
72600 53.1805 -401.331 3.68493
72700 53.3244 -401.232 3.68514
72800 53.4684 -401.375 3.68554
72900 53.6127 -401.519 3.68331
73000 53.7571 -401.132 3.6812
73100 53.9017 -401.619 3.68049
73200 54.0466 -401.551 3.68088
73300 54.1916 -401.231 3.68344
73400 54.3368 -401.464 3.68381
73500 54.4823 -401.307 3.68435
73600 54.6279 -401.199 3.68533
73700 54.7737 -401.104 3.68561
73800 54.9198 -401.469 3.6892
73900 55.066 -401.577 3.68681
74000 55.2124 -401.502 3.68679
74100 55.359 -401.351 3.68433
74200 55.5058 -401.338 3.6832
74300 55.6529 -401.68 3.68304
74400 55.8001 -401.226 3.6847
74500 55.9475 -401.245 3.6872
74600 56.0951 -401.49 3.68826
74700 56.2429 -401.403 3.69038
74800 56.3909 -401.721 3.69047
74900 56.5391 -401.25 3.69109
75000 56.6875 -401.391 3.69456
75100 56.8361 -401.666 3.69214
75200 56.9849 -401.519 3.68732
75300 57.1339 -400.986 3.68918
75400 57.2831 -401.683 3.69093
75500 57.4325 -401.441 3.69022
75600 57.5821 -401.615 3.68976
75700 57.7319 -401.832 3.69046
75800 57.8818 -401.752 3.69022
75900 58.032 -401.573 3.68772
76000 58.1824 -401.872 3.68794
76100 58.333 -401.541 3.68937
76200 58.4838 -401.473 3.68911
76300 58.6347 -401.764 3.68323
76400 58.7859 -401.924 3.68406
76500 58.9373 -401.78 3.6847
76600 59.0888 -402.06 3.68638
76700 59.2406 -401.753 3.68889
76800 59.3926 -401.673 3.68637
76900 59.5447 -401.997 3.68338
77000 59.6971 -401.866 3.68319
77100 59.8497 -402.065 3.68083
77200 60.0024 -401.643 3.67906
77300 60.1554 -401.704 3.67884
77400 60.3085 -401.527 3.6787
77500 60.4619 -401.53 3.67683
77600 60.6154 -402.13 3.67598
77700 60.7692 -401.934 3.6758
77800 60.9231 -401.697 3.67893
77900 61.0773 -401.82 3.67397
78000 61.2316 -401.889 3.67673
78100 61.3861 -401.955 3.67657
78200 61.5409 -402.236 3.67497
78300 61.6958 -402.086 3.68342
78400 61.8509 -402.011 3.68367
78500 62.0063 -401.935 3.68102
78600 62.1618 -402.141 3.68062
78700 62.3175 -402.138 3.68177
78800 62.4735 -402.103 3.68197
78900 62.6296 -401.787 3.68083
79000 62.7859 -398.23 3.67729
79100 62.9424 -402.25 3.68371
79200 63.0991 -402.217 3.67951
79300 63.2561 -402.217 3.68013
79400 63.4132 -402.43 3.68097
79500 63.5705 -401.754 3.68183
79600 63.728 -402.078 3.68061
79700 63.8857 -402.245 3.68252
79800 64.0436 -402.086 3.67844
79900 64.2017 -402.152 3.67783
80000 64.36 -402.04 3.67902
80100 64.5185 -402.248 3.68191
80200 64.6772 -402.159 3.6795
80300 64.8361 -402.089 3.68129
80400 64.9952 -402.081 3.68242
80500 65.1545 -402.264 3.68194
80600 65.314 -402.058 3.67976
80700 65.4737 -402.181 3.68147
80800 65.6335 -402.454 3.67961
80900 65.7936 -402.106 3.6786
81000 65.9539 -402.415 3.67899
81100 66.1144 -402.044 3.6766
81200 66.2751 -402.23 3.67698
81300 66.4359 -402.2 3.67945
81400 66.597 -402.645 3.68001
81500 66.7583 -402.317 3.67908
81600 66.9197 -402.422 3.67903
81700 67.0814 -402.32 3.68094
81800 67.2433 -402.081 3.67924
81900 67.4053 -402.253 3.67748
82000 67.5676 -397.828 3.68009
82100 67.7301 -400.7 3.67921
82200 67.8927 -400.382 3.6774
82300 68.0556 -400.62 3.67738
82400 68.2186 -400.897 3.68058
82500 68.3819 -400.61 3.68081
82600 68.5453 -400.929 3.6754
82700 68.709 -400.783 3.67289
82800 68.8728 -400.422 3.6761
82900 69.0369 -398.113 3.67303
83000 69.2011 -400.516 3.66845
83100 69.3655 -400.556 3.66391
83200 69.5302 -400.669 3.66888
83300 69.695 -400.253 3.66834
83400 69.86 -400.694 3.67192
83500 70.0253 -400.7 3.66917
83600 70.1907 -400.676 3.66891
83700 70.3563 -400.503 3.67033
83800 70.5222 -400.835 3.67194
83900 70.6882 -400.795 3.67028
84000 70.8544 -400.51 3.67011
84100 71.0208 -400.784 3.66744
84200 71.1874 -400.6 3.66652
84300 71.3543 -400.862 3.66774
84400 71.5213 -400.506 3.67062
84500 71.6885 -400.685 3.67088
84600 71.8559 -398.222 3.67207
84700 72.0235 -402.58 3.67167
84800 72.1913 -402.64 3.67367
84900 72.3593 -402.572 3.67594
85000 72.5275 -402.538 3.67694
85100 72.6959 -402.753 3.67438
85200 72.8645 -402.652 3.67202
85300 73.0333 -402.598 3.66862
85400 73.2023 -402.467 3.67167
85500 73.3715 -402.657 3.67259
85600 73.5409 -402.408 3.67278
85700 73.7105 -402.707 3.67403
85800 73.8802 -402.593 3.67429
85900 74.0502 -402.658 3.67463
86000 74.2204 -402.673 3.67361
86100 74.3908 -402.216 3.67694
86200 74.5614 -402.557 3.67554
86300 74.7321 -402.307 3.67528
86400 74.9031 -402.502 3.67384
86500 75.0743 -402.348 3.6721
86600 75.2456 -402.533 3.67531
86700 75.4172 -402.457 3.67691
86800 75.589 -402.463 3.67611
86900 75.7609 -402.386 3.67302
87000 75.9331 -402.599 3.67388
87100 76.1055 -402.475 3.67232
87200 76.278 -402.573 3.67126
87300 76.4508 -402.53 3.67299
87400 76.6237 -402.349 3.67605
87500 76.7969 -402.393 3.67663
87600 76.9702 -402.435 3.67688
87700 77.1438 -402.605 3.67744
87800 77.3175 -402.32 3.68044
87900 77.4915 -402.329 3.67845
88000 77.6656 -402.42 3.67907
88100 77.8399 -402.416 3.67733
88200 78.0145 -401.989 3.67828
88300 78.1892 -402.398 3.68058
88400 78.3641 -402.676 3.68044
88500 78.5393 -402.641 3.68312
88600 78.7146 -402.508 3.68369
88700 78.8901 -402.532 3.68333
88800 79.0659 -402.583 3.68654
88900 79.2418 -402.853 3.68478
89000 79.4179 -402.701 3.68553
89100 79.5942 -402.504 3.68437
89200 79.7707 -402.668 3.68447
89300 79.9475 -402.293 3.68565
89400 80.1244 -402.441 3.68368
89500 80.3015 -402.396 3.68205
89600 80.4788 -402.487 3.68094
89700 80.6563 -402.048 3.68235
89800 80.834 -402.164 3.68248
89900 81.0119 -402.257 3.68333
90000 81.19 -402.556 3.68469
90100 81.3683 -402.532 3.6829
90200 81.5468 -402.481 3.68074
90300 81.7255 -402.632 3.67938
90400 81.9044 -402.561 3.67812
90500 82.0835 -402.409 3.67575
90600 82.2628 -402.496 3.67582
90700 82.4423 -402.457 3.67525
90800 82.6219 -402.562 3.67329
90900 82.8018 -402.58 3.67856
91000 82.9819 -402.591 3.68062
91100 83.1622 -402.629 3.68032
91200 83.3427 -402.628 3.68052
91300 83.5233 -402.784 3.68059
91400 83.7042 -402.81 3.68082
91500 83.8853 -402.608 3.67712
91600 84.0665 -402.58 3.6753
91700 84.248 -402.534 3.67765
91800 84.4297 -402.611 3.67797
91900 84.6115 -402.863 3.67937
92000 84.7936 -402.773 3.68156
92100 84.9759 -402.69 3.68425
92200 85.1583 -402.766 3.6848
92300 85.341 -402.742 3.68213
92400 85.5238 -402.484 3.68029
92500 85.7069 -402.571 3.68577
92600 85.8901 -402.719 3.68473
92700 86.0736 -402.578 3.68304
92800 86.2572 -402.667 3.6814
92900 86.4411 -402.524 3.68208
93000 86.6251 -402.798 3.68233
93100 86.8093 -401.618 3.68035
93200 86.9938 -401.698 3.68321
93300 87.1784 -401.555 3.68294
93400 87.3632 -401.463 3.68038
93500 87.5483 -401.516 3.68198
93600 87.7335 -401.618 3.6861
93700 87.9189 -401.592 3.68456
93800 88.1046 -401.691 3.68537
93900 88.2904 -401.703 3.68359
94000 88.4764 -401.576 3.68503
94100 88.6626 -401.67 3.6875
94200 88.849 -401.712 3.68961
94300 89.0357 -401.842 3.69194
94400 89.2225 -401.736 3.69251
94500 89.4095 -401.698 3.69496
94600 89.5967 -401.611 3.69814
94700 89.7841 -401.667 3.69519
94800 89.9717 -402.004 3.69737
94900 90.1595 -401.936 3.69859
95000 90.3475 -401.651 3.70056
95100 90.5357 -401.672 3.69776
95200 90.7241 -401.904 3.69957
95300 90.9127 -401.926 3.70112
95400 91.1015 -401.967 3.70091
95500 91.2905 -401.159 3.70058
95600 91.4797 -401.813 3.70004
95700 91.6691 -401.957 3.69645
95800 91.8586 -401.708 3.69834
95900 92.0484 -401.637 3.70021
96000 92.2384 -401.848 3.70096
96100 92.4286 -401.983 3.70103
96200 92.619 -401.969 3.69996
96300 92.8095 -401.667 3.70093
96400 93.0003 -401.946 3.701
96500 93.1913 -401.914 3.69967
96600 93.3824 -401.88 3.69866
96700 93.5738 -401.74 3.69837
96800 93.7654 -401.848 3.70014
96900 93.9571 -401.857 3.7
97000 94.1491 -401.794 3.69874
97100 94.3413 -402.036 3.69941
97200 94.5336 -401.954 3.70231
97300 94.7262 -401.985 3.70273
97400 94.9189 -402.01 3.70221
97500 95.1119 -401.66 3.70337
97600 95.305 -401.915 3.69961
97700 95.4984 -401.748 3.70111
97800 95.6919 -401.8 3.7029
97900 95.8857 -401.416 3.70008
98000 96.0796 -401.687 3.69895
98100 96.2737 -401.924 3.69691
98200 96.4681 -401.735 3.69733
98300 96.6626 -401.868 3.70155
98400 96.8573 -402.119 3.70154
98500 97.0523 -401.767 3.7018
98600 97.2474 -402.116 3.70339
98700 97.4427 -402.12 3.70327
98800 97.6383 -402.212 3.70364
98900 97.834 -402.006 3.70218
99000 98.0299 -401.806 3.70341
99100 98.226 -401.958 3.70118
99200 98.4223 -401.969 3.69892
99300 98.6189 -401.954 3.69916
99400 98.8156 -401.746 3.70061
99500 99.0125 -402.081 3.70048
99600 99.2096 -401.974 3.70228
99700 99.4069 -402.055 3.70434
99800 99.6044 -402.018 3.70627
99900 99.8021 -401.91 3.70583
100000 100 -401.816 3.7072
