100 1.0001 4598.58 2.5059
200 1.0004 3071.29 2.50851
300 1.00089 2519.02 2.50866
400 1.00158 2315.4 2.51283
500 1.00248 2198.41 2.51574
600 1.00356 2124.34 2.51825
700 1.00485 2071.35 2.52261
800 1.00634 2016.56 2.52766
900 1.00802 1998.46 2.53283
1000 1.0099 1963.1 2.53561
1100 1.01198 1957.98 2.53806
1200 1.01426 1920.46 2.54218
1300 1.01673 1919.12 2.54396
1400 1.0194 1898.66 2.54597
1500 1.02228 1914.7 2.55002
1600 1.02534 1885.19 2.55357
1700 1.02861 1863.1 2.55781
1800 1.03208 1853.06 2.56075
1900 1.03574 1854.91 2.56358
2000 1.0396 1827.12 2.56923
2100 1.04366 1807.62 2.57335
2200 1.04792 1789.3 2.57545
2300 1.05237 1800.77 2.58005
2400 1.05702 1782.62 2.58574
2500 1.06188 1756.82 2.58915
2600 1.06692 1747.44 2.59167
2700 1.07217 1742.61 2.59305
2800 1.07762 1729.6 2.59793
2900 1.08326 1734.47 2.60039
3000 1.0891 1704.84 2.6026
3100 1.09514 1713.65 2.60489
3200 1.10138 1703.85 2.60755
3300 1.10781 1691.43 2.61058
3400 1.11444 1681.07 2.61317
3500 1.12128 1697.44 2.61425
3600 1.1283 1676.08 2.61724
3700 1.13553 1649.26 2.6219
3800 1.14296 1633.29 2.62526
3900 1.15058 1626.37 2.62977
4000 1.1584 1646.68 2.63167
4100 1.16642 1616.5 2.63399
4200 1.17464 1621.59 2.63687
4300 1.18305 1605.19 2.64148
4400 1.19166 1596.56 2.64396
4500 1.20047 1591.95 2.64937
4600 1.20948 1576.19 2.65104
4700 1.21869 1580.15 2.65549
4800 1.2281 1559.77 2.65971
4900 1.2377 1567.2 2.66307
5000 1.2475 1561.75 2.66729
5100 1.2575 1539.77 2.66942
5200 1.2677 1536.93 2.67395
5300 1.27809 1516.16 2.67692
5400 1.28868 1504.27 2.67981
5500 1.29947 1496.64 2.68453
5600 1.31046 1480.63 2.68792
5700 1.32165 1477.8 2.6935
5800 1.33304 1475.75 2.69672
5900 1.34462 1462.54 2.69848
6000 1.3564 1462.38 2.70213
6100 1.36838 1455.01 2.70792
6200 1.38056 1460.55 2.70723
6300 1.39293 1448.41 2.71197
6400 1.4055 1426.83 2.71701
6500 1.41827 1419.17 2.72021
6600 1.43124 1412.68 2.72509
6700 1.44441 1393.58 2.73249
6800 1.45778 1384.34 2.73493
6900 1.47134 1375.17 2.73981
7000 1.4851 1366.44 2.74349
7100 1.49906 1362.65 2.74664
7200 1.51322 1341.39 2.74972
7300 1.52757 1345.91 2.75237
7400 1.54212 1329.44 2.75656
7500 1.55688 1306.93 2.75949
7600 1.57182 1299.69 2.76408
7700 1.58697 1315.68 2.76728
7800 1.60232 1279.7 2.77111
7900 1.61786 1274.69 2.77677
8000 1.6336 1268.77 2.77835
8100 1.64954 1269.54 2.78227
8200 1.66568 1245.76 2.78634
8300 1.68201 1254.69 2.79114
8400 1.69854 1230.95 2.79917
8500 1.71528 1223.87 2.80227
8600 1.7322 1219.95 2.80905
8700 1.74933 1209.89 2.81149
8800 1.76666 1198.51 2.81784
8900 1.78418 1195.71 2.82005
9000 1.8019 1179.61 2.8242
9100 1.81982 1167.14 2.82886
9200 1.83794 1168.04 2.83258
9300 1.85625 1149.14 2.83822
9400 1.87476 1140.33 2.84469
9500 1.89348 1122.25 2.84896
9600 1.91238 1122.68 2.8534
9700 1.93149 1109.01 2.85861
9800 1.9508 1107.86 2.86373
9900 1.9703 1090.31 2.86798
10000 1.99 1083.89 2.8713
10100 2.0099 1086.57 2.87287
10200 2.03 1078.43 2.87781
10300 2.05029 1066.7 2.88255
10400 2.07078 1051.13 2.88689
10500 2.09147 1044.13 2.89034
10600 2.11236 1035.42 2.89504
10700 2.13345 1028.9 2.89971
10800 2.15474 1022.92 2.9056
10900 2.17622 1025.02 2.90865
11000 2.1979 996.522 2.91581
11100 2.21978 994.837 2.91929
11200 2.24186 988.407 2.92256
11300 2.26413 967.869 2.93082
11400 2.2866 960.01 2.9371
11500 2.30927 954.038 2.94131
11600 2.33214 952.024 2.94426
11700 2.35521 942.418 2.94753
11800 2.37848 948.151 2.95246
11900 2.40194 942.331 2.95565
12000 2.4256 928.859 2.95984
12100 2.44946 916.54 2.96773
12200 2.47352 910.756 2.96967
12300 2.49777 899.396 2.97558
12400 2.52222 892.297 2.97984
12500 2.54688 889.015 2.98115
12600 2.57172 884.027 2.98513
12700 2.59677 870.089 2.99099
12800 2.62202 871.364 2.99632
12900 2.64746 856.355 3.00015
13000 2.6731 858.375 3.00498
13100 2.69894 843.638 3.00944
13200 2.72498 837.201 3.01362
13300 2.75121 831.691 3.01689
13400 2.77764 823.649 3.02127
13500 2.80428 818.141 3.02611
13600 2.8311 809.763 3.03094
13700 2.85813 800.132 3.03951
13800 2.88536 775.929 3.04906
13900 2.91278 778.306 3.05312
14000 2.9404 769.214 3.05885
14100 2.96822 761.745 3.06494
14200 2.99624 753.725 3.07
14300 3.02445 744.673 3.07466
14400 3.05286 720.231 3.07908
14500 3.08147 720.618 3.08168
14600 3.11028 714.276 3.08495
14700 3.13929 713.359 3.08688
14800 3.1685 717.847 3.09352
14900 3.1979 693.211 3.09926
15000 3.2275 670.208 3.10578
15100 3.2573 665.063 3.11219
15200 3.2873 658.774 3.11733
15300 3.31749 668.815 3.12244
15400 3.34788 666.024 3.12667
15500 3.37848 661.889 3.13278
15600 3.40926 648.196 3.13869
15700 3.44025 637.795 3.14376
15800 3.47144 635.292 3.14925
15900 3.50282 628.753 3.15543
16000 3.5344 616.338 3.16053
16100 3.56618 602.825 3.16883
16200 3.59816 581.606 3.17395
16300 3.63033 559.086 3.18027
16400 3.6627 583.266 3.18824
16500 3.69528 583.558 3.193
16600 3.72804 563.2 3.19998
16700 3.76101 564.664 3.20597
16800 3.79418 539.077 3.2135
16900 3.82754 532.817 3.22128
17000 3.8611 531.171 3.22407
17100 3.89486 533.903 3.23074
17200 3.92882 521.056 3.2401
17300 3.96297 512.387 3.24522
17400 3.99732 473.165 3.24956
17500 4.03187 465.554 3.2558
17600 4.06662 423.487 3.26327
17700 4.10157 425.427 3.26879
17800 4.13672 472.187 3.27434
17900 4.17206 488.337 3.28202
18000 4.2076 455.196 3.28842
18100 4.24334 473.557 3.2954
18200 4.27928 435.728 3.30193
18300 4.31541 410.802 3.30674
18400 4.35174 396.364 3.315
18500 4.38828 367.975 3.31911
18600 4.425 405.356 3.32549
18700 4.46193 369.414 3.33135
18800 4.49906 318.084 3.3368
18900 4.53638 229.829 3.3422
19000 4.5739 314.631 3.34718
19100 4.61162 196.925 3.35537
19200 4.64954 114.271 3.36415
19300 4.68765 -30.5203 3.37019
19400 4.72596 -97.7964 3.37314
19500 4.76448 -71.7442 3.38011
19600 4.80318 -117.452 3.38675
19700 4.84209 -135.207 3.38883
19800 4.8812 -129.368 3.39338
19900 4.9205 -183.298 3.39564
20000 4.96 -254.983 3.39793
20100 4.9997 -321.364 3.39823
20200 5.0396 -322.618 3.39875
20300 5.07969 -334.131 3.4009
20400 5.11998 -346.372 3.40417
20500 5.16047 -337.011 3.40733
20600 5.20116 -314.656 3.40824
20700 5.24205 -283.201 3.40949
20800 5.28314 -264.338 3.41027
20900 5.32442 -324.105 3.41192
21000 5.3659 -341.096 3.41329
21100 5.40758 -335.624 3.41455
21200 5.44946 -342.919 3.41618
21300 5.49153 -342.999 3.41759
21400 5.5338 -354.884 3.41978
21500 5.57627 -325.194 3.42204
21600 5.61894 -307.437 3.42079
21700 5.66181 -326.927 3.42097
21800 5.70488 -339.868 3.42184
21900 5.74814 -326.14 3.42475
22000 5.7916 -330.771 3.4277
22100 5.83526 -359.016 3.42954
22200 5.87912 -347.454 3.42967
22300 5.92317 -321.011 3.43108
22400 5.96742 -352.013 3.43265
22500 6.01188 -358.524 3.43581
22600 6.05652 -349.118 3.43626
22700 6.10137 -376.508 3.43578
22800 6.14642 -360.972 3.43814
22900 6.19166 -367.112 3.43788
23000 6.2371 -376.962 3.44022
23100 6.28274 -373.758 3.43823
23200 6.32858 -363.382 3.43918
23300 6.37461 -376.549 3.44207
23400 6.42084 -358.199 3.44413
23500 6.46727 -378.318 3.44402
23600 6.5139 -358.671 3.44541
23700 6.56073 -378.784 3.44084
23800 6.60776 -378.626 3.43922
23900 6.65498 -381.048 3.44204
24000 6.7024 -360.541 3.4422
24100 6.75002 -343.482 3.44157
24200 6.79784 -362.751 3.44284
24300 6.84585 -360.68 3.44522
24400 6.89406 -358.213 3.44764
24500 6.94247 -350.145 3.44776
24600 6.99108 -346.689 3.45009
24700 7.03989 -358.078 3.44968
24800 7.0889 -340.987 3.44987
24900 7.1381 -339.658 3.45208
25000 7.1875 -352.068 3.45236
25100 7.2371 -351.626 3.45488
25200 7.2869 -374.899 3.45657
25300 7.33689 -357.257 3.45821
25400 7.38708 -378.19 3.46322
25500 7.43748 -377.453 3.46738
25600 7.48806 -378.046 3.47054
25700 7.53885 -371.819 3.47169
25800 7.58984 -373.149 3.47465
25900 7.64102 -357.857 3.47772
26000 7.6924 -383.613 3.48264
26100 7.74398 -382.421 3.48183
26200 7.79576 -382.259 3.48282
26300 7.84773 -366.938 3.48635
26400 7.8999 -378.586 3.48815
26500 7.95228 -384.51 3.48976
26600 8.00484 -369.163 3.4885
26700 8.05761 -382.496 3.48751
26800 8.11058 -381.572 3.49044
26900 8.16374 -365.479 3.49011
27000 8.2171 -370.52 3.49047
27100 8.27066 -382.246 3.49244
27200 8.32442 -384.746 3.49298
27300 8.37837 -383.051 3.49598
27400 8.43252 -370.571 3.49922
27500 8.48688 -386.945 3.50065
27600 8.54142 -368.488 3.49831
27700 8.59617 -387.006 3.49879
27800 8.65112 -384.942 3.5019
27900 8.70626 -385.114 3.50399
28000 8.7616 -386.503 3.49956
28100 8.81714 -385.542 3.50076
28200 8.87288 -364.21 3.50015
28300 8.92881 -383.57 3.50105
28400 8.98494 -387.616 3.50233
28500 9.04127 -388.664 3.50235
28600 9.0978 -387.688 3.50316
28700 9.15453 -387.763 3.50471
28800 9.21146 -388.535 3.50626
28900 9.26858 -388.141 3.50504
29000 9.3259 -387.248 3.50449
29100 9.38342 -370.695 3.50553
29200 9.44114 -372.113 3.50686
29300 9.49905 -387.615 3.50425
29400 9.55716 -389.951 3.50627
29500 9.61547 -374.768 3.50878
29600 9.67398 -388.544 3.51253
29700 9.73269 -388.599 3.51076
29800 9.7916 -388.329 3.51032
29900 9.8507 -389.046 3.51175
30000 9.91 -388.859 3.51459
30100 9.9695 -390.429 3.51808
30200 10.0292 -388.699 3.51853
30300 10.0891 -390.86 3.52007
30400 10.1492 -389.632 3.51812
30500 10.2095 -389.621 3.5176
30600 10.27 -390.571 3.51992
30700 10.3307 -389.575 3.51749
30800 10.3915 -389.392 3.52136
30900 10.4526 -378.51 3.51752
31000 10.5139 -382.535 3.51762
31100 10.5754 -380.623 3.51731
31200 10.6371 -385.893 3.51738
31300 10.6989 -365.843 3.51804
31400 10.761 -371.965 3.51785
31500 10.8233 -360.273 3.51573
31600 10.8857 -364.083 3.51475
31700 10.9484 -380.599 3.51257
31800 11.0113 -388.704 3.50946
31900 11.0743 -389.275 3.50956
32000 11.1376 -390.328 3.50839
32100 11.2011 -390.151 3.50928
32200 11.2647 -389.642 3.51094
32300 11.3286 -390.641 3.51232
32400 11.3926 -390.649 3.51014
32500 11.4569 -390.445 3.51189
32600 11.5213 -389.618 3.51646
32700 11.586 -389.685 3.51694
32800 11.6508 -375.261 3.52208
32900 11.7159 -390.999 3.52274
33000 11.7811 -391.485 3.52454
33100 11.8465 -392.1 3.52418
33200 11.9122 -389.868 3.5228
33300 11.978 -391.846 3.52418
33400 12.044 -391.386 3.52494
33500 12.1103 -391.505 3.52757
33600 12.1767 -391.771 3.52826
33700 12.2433 -391.316 3.53198
33800 12.3102 -392.966 3.53566
33900 12.3772 -392.893 3.53753
34000 12.4444 -392.047 3.53571
34100 12.5118 -377.29 3.53727
34200 12.5794 -393.001 3.53547
34300 12.6473 -392.469 3.53286
34400 12.7153 -387.024 3.53553
34500 12.7835 -380.826 3.53713
34600 12.8519 -368.551 3.54101
34700 12.9205 -371.469 3.54337
34800 12.9893 -390.419 3.54552
34900 13.0583 -372.744 3.54424
35000 13.1275 -392.717 3.54375
35100 13.1969 -393.707 3.54469
35200 13.2665 -393.355 3.53966
35300 13.3363 -393.668 3.53826
35400 13.4063 -392.118 3.54204
35500 13.4765 -393.415 3.54479
35600 13.5469 -393.456 3.54649
35700 13.6175 -394.152 3.54696
35800 13.6882 -393.166 3.54685
35900 13.7592 -393.769 3.54734
36000 13.8304 -380.924 3.54842
36100 13.9018 -394.301 3.54955
36200 13.9734 -393.429 3.55042
36300 14.0451 -374.474 3.55174
36400 14.1171 -394.569 3.55616
36500 14.1893 -394.264 3.55573
36600 14.2616 -396.004 3.55454
36700 14.3342 -394.677 3.55468
36800 14.407 -394.698 3.55577
36900 14.4799 -394.355 3.5525
37000 14.5531 -395.232 3.5502
37100 14.6265 -395.099 3.54896
37200 14.7 -394.17 3.55148
37300 14.7738 -394.889 3.55068
37400 14.8477 -394.401 3.55182
37500 14.9219 -395.501 3.55254
37600 14.9962 -394.558 3.55276
37700 15.0708 -394.782 3.55523
37800 15.1455 -396.264 3.55512
37900 15.2205 -395.348 3.55437
38000 15.2956 -395.936 3.55515
38100 15.3709 -396.406 3.55505
38200 15.4465 -395.984 3.55603
38300 15.5222 -395.938 3.55461
38400 15.5981 -396.399 3.55437
38500 15.6743 -396.544 3.55505
38600 15.7506 -396.204 3.5566
38700 15.8271 -396.271 3.55901
38800 15.9039 -398.272 3.56395
38900 15.9808 -397.913 3.56554
39000 16.0579 -398.325 3.56294
39100 16.1352 -398.605 3.56188
39200 16.2127 -398.284 3.56221
39300 16.2905 -398.342 3.55989
39400 16.3684 -398.379 3.56187
39500 16.4465 -398.813 3.5645
39600 16.5248 -398.439 3.56894
39700 16.6033 -398.755 3.56955
39800 16.682 -398.943 3.57185
39900 16.7609 -399.723 3.57184
40000 16.84 -399.79 3.57332
40100 16.9193 -400.348 3.57344
40200 16.9988 -400.467 3.56758
40300 17.0785 -400.121 3.56835
40400 17.1584 -399.783 3.56945
40500 17.2385 -400.742 3.571
40600 17.3188 -398.994 3.56947
40700 17.3993 -400.282 3.56947
40800 17.4799 -400.934 3.56639
40900 17.5608 -399.742 3.56856
41000 17.6419 -400.504 3.57113
41100 17.7232 -399.577 3.57098
41200 17.8047 -399.948 3.57319
41300 17.8863 -400.086 3.57217
41400 17.9682 -400.756 3.57806
41500 18.0503 -401.268 3.57567
41600 18.1325 -400.878 3.57277
41700 18.215 -400.459 3.57217
41800 18.2977 -399.995 3.57544
41900 18.3805 -400.651 3.57487
42000 18.4636 -401.292 3.57795
42100 18.5469 -401.371 3.57485
42200 18.6303 -400.311 3.57785
42300 18.714 -400.033 3.57766
42400 18.7978 -400.664 3.577
42500 18.8819 -400.292 3.57528
42600 18.9661 -400.859 3.57826
42700 19.0506 -400.316 3.57633
42800 19.1352 -401.34 3.5788
42900 19.2201 -400.694 3.57709
43000 19.3051 -400.883 3.57547
43100 19.3903 -400.752 3.58069
43200 19.4758 -401.511 3.58154
43300 19.5614 -400.87 3.57826
43400 19.6472 -400.88 3.577
43500 19.7333 -401.088 3.57729
43600 19.8195 -401.458 3.57781
43700 19.9059 -401.31 3.57638
43800 19.9926 -401.164 3.57664
43900 20.0794 -401.166 3.57927
44000 20.1664 -401.691 3.57738
44100 20.2536 -401.584 3.57977
44200 20.341 -402.123 3.58209
44300 20.4287 -402.011 3.58347
44400 20.5165 -402.132 3.5847
44500 20.6045 -401.846 3.5837
44600 20.6927 -401.306 3.58233
44700 20.7811 -401.593 3.57993
44800 20.8697 -401.281 3.5799
44900 20.9585 -401.142 3.57797
45000 21.0475 -401.764 3.57992
45100 21.1367 -401.592 3.58003
45200 21.2261 -402.34 3.57928
45300 21.3157 -401.984 3.58
45400 21.4055 -402.395 3.57603
45500 21.4955 -401.848 3.57693
45600 21.5857 -402.37 3.57435
45700 21.6761 -402.169 3.57624
45800 21.7666 -403.234 3.57925
45900 21.8574 -402.114 3.57962
46000 21.9484 -398.574 3.57939
46100 22.0396 -392.672 3.57941
46200 22.131 -403.539 3.58089
46300 22.2225 -403.335 3.57979
46400 22.3143 -403.24 3.57976
46500 22.4063 -403.726 3.58146
46600 22.4984 -403.52 3.58318
46700 22.5908 -403.614 3.57965
46800 22.6834 -403.533 3.57531
46900 22.7761 -403.485 3.57446
47000 22.8691 -403.49 3.5803
47100 22.9623 -403.085 3.57998
47200 23.0556 -403.249 3.58004
47300 23.1492 -405.398 3.58003
47400 23.2429 -405.955 3.57632
47500 23.3369 -405.4 3.57697
47600 23.431 -405.114 3.57902
47700 23.5254 -405.163 3.58128
47800 23.6199 -405.421 3.57937
47900 23.7147 -405.277 3.57856
48000 23.8096 -406.548 3.57675
48100 23.9047 -406.526 3.57599
48200 24.0001 -405.838 3.57518
48300 24.0956 -405.629 3.57775
48400 24.1913 -406.094 3.57845
48500 24.2873 -405.319 3.57946
48600 24.3834 -406.022 3.58131
48700 24.4797 -405.863 3.58227
48800 24.5763 -405.734 3.58299
48900 24.673 -406.344 3.58105
49000 24.7699 -406.211 3.58194
49100 24.867 -405.442 3.58135
49200 24.9643 -406.135 3.58204
49300 25.0619 -405.994 3.58423
49400 25.1596 -405.812 3.58195
49500 25.2575 -406.211 3.58246
49600 25.3556 -406.448 3.58347
49700 25.4539 -406.18 3.58263
49800 25.5524 -406.005 3.58427
49900 25.6511 -406.031 3.58481
50000 25.75 -406.398 3.58538
50100 25.8491 -405.593 3.58509
50200 25.9484 -406.143 3.58059
50300 26.0479 -406.464 3.57941
50400 26.1476 -405.579 3.57943
50500 26.2475 -406.671 3.57987
50600 26.3476 -406.277 3.58422
50700 26.4479 -406.229 3.58551
50800 26.5483 -406.641 3.58502
50900 26.649 -406.189 3.58848
51000 26.7499 -405.898 3.59166
51100 26.851 -406.528 3.59204
51200 26.9523 -406.574 3.59469
51300 27.0537 -406.631 3.5964
51400 27.1554 -406.683 3.59905
51500 27.2573 -407.311 3.59987
51600 27.3593 -407.142 3.60029
51700 27.4616 -406.909 3.60249
51800 27.5641 -406.791 3.60077
51900 27.6667 -407.039 3.60289
52000 27.7696 -407.124 3.60012
52100 27.8727 -406.238 3.59501
52200 27.9759 -406.109 3.59468
52300 28.0794 -406.758 3.59485
52400 28.183 -406.781 3.5947
52500 28.2869 -406.871 3.59625
52600 28.3909 -407.259 3.5985
52700 28.4952 -407.116 3.59888
52800 28.5996 -406.457 3.59897
52900 28.7043 -407.373 3.59737
53000 28.8091 -407.253 3.5952
53100 28.9141 -406.957 3.59263
53200 29.0194 -407.363 3.59213
53300 29.1248 -407.512 3.59024
53400 29.2304 -407.588 3.58654
53500 29.3363 -406.977 3.58802
53600 29.4423 -407.366 3.59158
53700 29.5485 -407.486 3.59182
53800 29.655 -407.514 3.59483
53900 29.7616 -407.587 3.59398
54000 29.8684 -407.292 3.59461
54100 29.9754 -407.576 3.59766
54200 30.0826 -406.879 3.5952
54300 30.1901 -407.21 3.59647
54400 30.2977 -406.932 3.59785
54500 30.4055 -407.261 3.59821
54600 30.5135 -407.906 3.59899
54700 30.6217 -407.451 3.60397
54800 30.7301 -407.561 3.60198
54900 30.8387 -407.753 3.60021
55000 30.9475 -407.71 3.59982
55100 31.0565 -407.449 3.60093
55200 31.1657 -407.527 3.601
55300 31.2751 -407.243 3.60022
55400 31.3847 -407.574 3.59985
55500 31.4945 -407.585 3.6004
55600 31.6045 -407.265 3.60049
55700 31.7147 -407.908 3.60095
55800 31.825 -407.869 3.60012
55900 31.9356 -407.902 3.6052
56000 32.0464 -407.599 3.60699
56100 32.1574 -407.718 3.60742
56200 32.2686 -407.735 3.61023
56300 32.3799 -407.805 3.60947
56400 32.4915 -408.004 3.60522
56500 32.6033 -407.634 3.60358
56600 32.7152 -407.738 3.60705
56700 32.8274 -408.288 3.60824
56800 32.9398 -407.504 3.61266
56900 33.0523 -407.965 3.61404
57000 33.1651 -407.878 3.61001
57100 33.2781 -408.094 3.6112
57200 33.3912 -407.902 3.61205
57300 33.5046 -408.23 3.61276
57400 33.6181 -408.283 3.61087
57500 33.7319 -408.35 3.60908
57600 33.8458 -408.035 3.60817
57700 33.96 -408.366 3.60346
57800 34.0743 -408.192 3.60602
57900 34.1889 -408.35 3.60803
58000 34.3036 -408.085 3.60813
58100 34.4185 -408.444 3.61221
58200 34.5337 -408.702 3.61563
58300 34.649 -408.415 3.61514
58400 34.7645 -408.405 3.61405
58500 34.8803 -408.287 3.61363
58600 34.9962 -408.601 3.61724
58700 35.1123 -408.652 3.61915
58800 35.2287 -407.923 3.61838
58900 35.3452 -408.719 3.61884
59000 35.4619 -408.074 3.61795
59100 35.5788 -409.018 3.61557
59200 35.6959 -408.617 3.61375
59300 35.8133 -408.378 3.61419
59400 35.9308 -408.673 3.61095
59500 36.0485 -408.92 3.61074
59600 36.1664 -408.421 3.60954
59700 36.2845 -408.422 3.61246
59800 36.4028 -408.596 3.61237
59900 36.5213 -408.969 3.61293
60000 36.64 -408.988 3.61234
60100 36.7589 -408.706 3.61136
60200 36.878 -408.956 3.60807
60300 36.9973 -408.604 3.60914
60400 37.1168 -408.386 3.61243
60500 37.2365 -409.217 3.61428
60600 37.3564 -409.143 3.61283
60700 37.4765 -408.871 3.60751
60800 37.5967 -408.926 3.60626
60900 37.7172 -409.37 3.60262
61000 37.8379 -408.603 3.60591
61100 37.9588 -408.967 3.60484
61200 38.0799 -409.28 3.60366
61300 38.2011 -408.854 3.60539
61400 38.3226 -409.143 3.60581
61500 38.4443 -409.071 3.60846
61600 38.5661 -409.216 3.60691
61700 38.6882 -409.633 3.60658
61800 38.8105 -408.726 3.60526
61900 38.9329 -409.09 3.60667
62000 39.0556 -409.268 3.60931
62100 39.1785 -409.312 3.60977
62200 39.3015 -409.085 3.61385
62300 39.4248 -409.663 3.6121
62400 39.5482 -409.325 3.61099
62500 39.6719 -409.091 3.61136
62600 39.7957 -408.945 3.6064
62700 39.9198 -409.373 3.60577
62800 40.044 -409.277 3.6084
62900 40.1685 -409.529 3.60847
63000 40.2931 -409.511 3.6048
63100 40.4179 -409.203 3.60348
63200 40.543 -409.416 3.60214
63300 40.6682 -409.08 3.60794
63400 40.7936 -409.476 3.60879
63500 40.9193 -409.431 3.60871
63600 41.0451 -409.577 3.60725
63700 41.1711 -409.205 3.60408
63800 41.2974 -409.194 3.6055
63900 41.4238 -409.773 3.60517
64000 41.5504 -409.554 3.60558
64100 41.6772 -409.438 3.60332
64200 41.8042 -409.619 3.60472
64300 41.9315 -409.486 3.60686
64400 42.0589 -409.646 3.60981
64500 42.1865 -409.228 3.60526
64600 42.3143 -409.304 3.60625
64700 42.4423 -409.402 3.60855
64800 42.5705 -409.292 3.60916
64900 42.6989 -408.915 3.61272
65000 42.8275 -409.432 3.61219
65100 42.9563 -409.375 3.60965
65200 43.0853 -409.527 3.61345
65300 43.2145 -409.502 3.61223
65400 43.3439 -409.107 3.61163
65500 43.4735 -409.931 3.61208
65600 43.6033 -408.673 3.61338
65700 43.7333 -409.527 3.6116
65800 43.8634 -409.344 3.60972
65900 43.9938 -409.925 3.60679
66000 44.1244 -409.707 3.61063
66100 44.2552 -409.765 3.61074
66200 44.3862 -409.759 3.61282
66300 44.5173 -409.407 3.61595
66400 44.6487 -409.321 3.6163
66500 44.7803 -409.659 3.61605
66600 44.912 -409.381 3.61241
66700 45.044 -409.375 3.61674
66800 45.1762 -409.28 3.61727
66900 45.3085 -409.972 3.61512
67000 45.4411 -409.919 3.61575
67100 45.5739 -409.687 3.61717
67200 45.7068 -409.698 3.61947
67300 45.84 -409.801 3.61583
67400 45.9733 -409.637 3.61866
67500 46.1069 -409.79 3.61917
67600 46.2406 -409.727 3.6175
67700 46.3746 -409.896 3.6208
67800 46.5087 -409.817 3.62007
67900 46.6431 -409.941 3.62076
68000 46.7776 -409.59 3.61646
68100 46.9123 -409.508 3.6182
68200 47.0473 -409.723 3.61849
68300 47.1824 -409.525 3.61704
68400 47.3177 -409.641 3.62029
68500 47.4533 -409.888 3.62248
68600 47.589 -409.801 3.61966
68700 47.7249 -409.628 3.62224
68800 47.8611 -410.045 3.62198
68900 47.9974 -409.517 3.62182
69000 48.1339 -409.378 3.62192
69100 48.2706 -409.648 3.6213
69200 48.4075 -410.014 3.62325
69300 48.5447 -409.433 3.62136
69400 48.682 -410.29 3.62134
69500 48.8195 -409.906 3.62468
69600 48.9572 -410.283 3.62267
69700 49.0951 -410.542 3.62357
69800 49.2332 -410.07 3.6279
69900 49.3715 -409.882 3.62651
70000 49.51 -410.294 3.62638
70100 49.6487 -410.103 3.63006
70200 49.7876 -410.45 3.62957
70300 49.9267 -410.501 3.62526
70400 50.066 -410.741 3.62468
70500 50.2055 -410.163 3.62675
70600 50.3452 -410.272 3.62507
70700 50.4851 -410.358 3.62394
70800 50.6251 -410.422 3.62577
70900 50.7654 -410.12 3.62317
71000 50.9059 -410.012 3.62469
71100 51.0466 -409.934 3.62508
71200 51.1875 -410.231 3.62506
71300 51.3285 -410.372 3.62256
71400 51.4698 -410.076 3.62432
71500 51.6113 -410.254 3.62085
71600 51.7529 -410.54 3.61735
71700 51.8948 -410.748 3.61893
71800 52.0369 -410.206 3.61826
71900 52.1791 -410.29 3.61874
72000 52.3216 -410.33 3.62105
72100 52.4643 -410.494 3.62152
72200 52.6071 -410.435 3.62015
72300 52.7502 -410.499 3.62069
72400 52.8934 -410.044 3.62045
72500 53.0369 -410.509 3.62279
72600 53.1805 -410.459 3.62452
72700 53.3244 -410.266 3.6258
72800 53.4684 -410.344 3.6265
72900 53.6127 -410.396 3.62584
73000 53.7571 -409.915 3.62477
73100 53.9017 -410.393 3.62533
73200 54.0466 -410.266 3.62585
73300 54.1916 -410.613 3.63132
73400 54.3368 -410.493 3.63095
73500 54.4823 -410.434 3.62805
73600 54.6279 -410.731 3.62776
73700 54.7737 -410.822 3.62877
73800 54.9198 -410.582 3.62887
73900 55.066 -410.53 3.63008
74000 55.2124 -410.773 3.62751
74100 55.359 -410.669 3.62513
74200 55.5058 -410.695 3.62609
74300 55.6529 -410.808 3.62901
74400 55.8001 -410.785 3.63207
74500 55.9475 -410.639 3.63101
74600 56.0951 -410.802 3.63173
74700 56.2429 -410.993 3.62946
74800 56.3909 -410.748 3.62803
74900 56.5391 -410.653 3.62698
75000 56.6875 -411.227 3.62827
75100 56.8361 -410.677 3.63022
75200 56.9849 -410.73 3.63068
75300 57.1339 -410.749 3.6324
75400 57.2831 -410.72 3.6287
75500 57.4325 -410.551 3.62801
75600 57.5821 -411.116 3.62609
75700 57.7319 -410.959 3.62432
75800 57.8818 -411.003 3.62315
75900 58.032 -410.936 3.62123
76000 58.1824 -410.612 3.62152
76100 58.333 -411.079 3.6243
76200 58.4838 -410.854 3.62558
76300 58.6347 -411.225 3.62501
76400 58.7859 -411.161 3.62402
76500 58.9373 -411.101 3.62387
76600 59.0888 -411.067 3.62584
76700 59.2406 -410.794 3.62531
76800 59.3926 -410.988 3.6289
76900 59.5447 -411.15 3.62678
77000 59.6971 -411.078 3.62703
77100 59.8497 -410.959 3.62392
77200 60.0024 -411.307 3.62076
77300 60.1554 -411.023 3.62039
77400 60.3085 -410.986 3.62122
77500 60.4619 -411.168 3.62372
77600 60.6154 -411.15 3.6207
77700 60.7692 -411.293 3.61813
77800 60.9231 -411.124 3.62263
77900 61.0773 -411.275 3.62814
78000 61.2316 -411.205 3.62967
78100 61.3861 -411.435 3.63247
78200 61.5409 -408.43 3.63239
78300 61.6958 -408.96 3.62955
78400 61.8509 -410.997 3.62866
78500 62.0063 -411.258 3.62385
78600 62.1618 -411.136 3.62544
78700 62.3175 -411.303 3.62377
78800 62.4735 -410.898 3.6237
78900 62.6296 -411.333 3.62464
79000 62.7859 -411.369 3.62088
79100 62.9424 -411.191 3.62107
79200 63.0991 -411.338 3.62357
79300 63.2561 -411.155 3.62474
79400 63.4132 -411.43 3.62316
79500 63.5705 -411.29 3.62091
79600 63.728 -411.291 3.62197
79700 63.8857 -411.321 3.62369
79800 64.0436 -411.218 3.62615
79900 64.2017 -411.306 3.62581
80000 64.36 -411.434 3.62775
80100 64.5185 -411.113 3.62515
80200 64.6772 -411.219 3.62408
80300 64.8361 -411.225 3.62595
80400 64.9952 -411.239 3.62924
80500 65.1545 -411.025 3.62987
80600 65.314 -411.317 3.62829
80700 65.4737 -411.407 3.62835
80800 65.6335 -411.657 3.62868
80900 65.7936 -411.438 3.62758
81000 65.9539 -411.453 3.62816
81100 66.1144 -411.445 3.62791
81200 66.2751 -411.469 3.62595
81300 66.4359 -411.252 3.62867
81400 66.597 -411.166 3.62519
81500 66.7583 -411.348 3.62353
81600 66.9197 -411.307 3.62478
81700 67.0814 -411.33 3.62298
81800 67.2433 -411.304 3.62323
81900 67.4053 -411.208 3.61744
82000 67.5676 -411.437 3.61482
82100 67.7301 -411.384 3.61585
82200 67.8927 -411.361 3.61526
82300 68.0556 -411.416 3.61827
82400 68.2186 -411.035 3.61659
82500 68.3819 -411.609 3.61851
82600 68.5453 -411.205 3.61649
82700 68.709 -411.248 3.61768
82800 68.8728 -411.242 3.61754
82900 69.0369 -411.224 3.61779
83000 69.2011 -411.304 3.61504
83100 69.3655 -411.259 3.61002
83200 69.5302 -411.548 3.61179
83300 69.695 -411.189 3.61346
83400 69.86 -411.413 3.61487
83500 70.0253 -411.732 3.61906
83600 70.1907 -411.386 3.61827
83700 70.3563 -411.177 3.61595
83800 70.5222 -411.512 3.6158
83900 70.6882 -411.464 3.62004
84000 70.8544 -411.396 3.62013
84100 71.0208 -411.722 3.61795
84200 71.1874 -411.674 3.61814
84300 71.3543 -411.371 3.61684
84400 71.5213 -411.623 3.61723
84500 71.6885 -411.603 3.61655
84600 71.8559 -411.493 3.6158
84700 72.0235 -411.515 3.61259
84800 72.1913 -411.606 3.61395
84900 72.3593 -411.369 3.61573
85000 72.5275 -411.355 3.62005
85100 72.6959 -411.411 3.62054
85200 72.8645 -411.646 3.61614
85300 73.0333 -411.324 3.61561
85400 73.2023 -411.444 3.61707
85500 73.3715 -411.449 3.6166
85600 73.5409 -411.389 3.61529
85700 73.7105 -411.498 3.61661
85800 73.8802 -411.665 3.61869
85900 74.0502 -411.375 3.61932
86000 74.2204 -411.489 3.62186
86100 74.3908 -411.49 3.62157
86200 74.5614 -411.431 3.61999
86300 74.7321 -411.523 3.62166
86400 74.9031 -411.395 3.61894
86500 75.0743 -411.489 3.61816
86600 75.2456 -411.589 3.61651
86700 75.4172 -411.658 3.6179
86800 75.589 -411.763 3.61841
86900 75.7609 -411.756 3.61967
87000 75.9331 -411.604 3.61765
87100 76.1055 -411.606 3.61895
87200 76.278 -411.45 3.61915
87300 76.4508 -411.504 3.61696
87400 76.6237 -411.574 3.61878
87500 76.7969 -411.677 3.61789
87600 76.9702 -411.778 3.61764
87700 77.1438 -411.703 3.61851
87800 77.3175 -411.588 3.61775
87900 77.4915 -411.668 3.61646
88000 77.6656 -411.536 3.61564
88100 77.8399 -411.571 3.61458
88200 78.0145 -411.351 3.61395
88300 78.1892 -411.733 3.61513
88400 78.3641 -411.278 3.61754
88500 78.5393 -411.471 3.61862
88600 78.7146 -411.33 3.61958
88700 78.8901 -411.537 3.61594
88800 79.0659 -411.604 3.61732
88900 79.2418 -411.419 3.61859
89000 79.4179 -411.693 3.62303
89100 79.5942 -411.611 3.6221
89200 79.7707 -411.602 3.62081
89300 79.9475 -411.492 3.62167
89400 80.1244 -411.313 3.62334
89500 80.3015 -411.405 3.62413
89600 80.4788 -411.358 3.62081
89700 80.6563 -411.484 3.61748
89800 80.834 -411.246 3.61777
89900 81.0119 -411.494 3.61967
90000 81.19 -411.652 3.62162
90100 81.3683 -411.22 3.61872
90200 81.5468 -411.467 3.6171
90300 81.7255 -411.67 3.61796
90400 81.9044 -411.498 3.61647
90500 82.0835 -411.433 3.61528
90600 82.2628 -411.552 3.61668
90700 82.4423 -411.394 3.61859
90800 82.6219 -411.273 3.62097
90900 82.8018 -411.63 3.61787
91000 82.9819 -411.546 3.61862
91100 83.1622 -411.729 3.61975
91200 83.3427 -411.756 3.62353
91300 83.5233 -411.757 3.62627
91400 83.7042 -411.549 3.6251
91500 83.8853 -411.474 3.62757
91600 84.0665 -411.615 3.63144
91700 84.248 -411.717 3.6309
91800 84.4297 -411.693 3.62717
91900 84.6115 -411.751 3.62555
92000 84.7936 -411.829 3.62458
92100 84.9759 -411.76 3.61903
92200 85.1583 -411.749 3.61916
92300 85.341 -411.778 3.62192
92400 85.5238 -411.477 3.61743
92500 85.7069 -411.688 3.61681
92600 85.8901 -411.696 3.61555
92700 86.0736 -411.676 3.61867
92800 86.2572 -411.741 3.6209
92900 86.4411 -411.613 3.6184
93000 86.6251 -411.756 3.62165
93100 86.8093 -411.732 3.62019
93200 86.9938 -411.629 3.62224
93300 87.1784 -411.839 3.62377
93400 87.3632 -411.787 3.62575
93500 87.5483 -412.006 3.62704
93600 87.7335 -411.962 3.62769
93700 87.9189 -411.902 3.62681
93800 88.1046 -411.766 3.62372
93900 88.2904 -412.079 3.62148
94000 88.4764 -411.954 3.61874
94100 88.6626 -411.994 3.62028
94200 88.849 -412 3.61832
94300 89.0357 -411.88 3.61877
94400 89.2225 -411.932 3.61999
94500 89.4095 -411.919 3.61989
94600 89.5967 -412.051 3.61583
94700 89.7841 -412.033 3.61787
94800 89.9717 -411.924 3.61852
94900 90.1595 -411.767 3.62021
95000 90.3475 -411.754 3.62348
95100 90.5357 -411.712 3.62288
95200 90.7241 -412.034 3.62404
95300 90.9127 -411.991 3.62542
95400 91.1015 -411.839 3.62678
95500 91.2905 -411.832 3.62722
95600 91.4797 -412.073 3.63105
95700 91.6691 -411.901 3.6319
95800 91.8586 -411.733 3.631
95900 92.0484 -412.028 3.63098
96000 92.2384 -411.949 3.63232
96100 92.4286 -412.078 3.63012
96200 92.619 -411.646 3.6352
96300 92.8095 -411.993 3.63587
96400 93.0003 -412.064 3.63693
96500 93.1913 -412.027 3.6352
96600 93.3824 -412.033 3.63974
96700 93.5738 -412.085 3.63526
96800 93.7654 -411.969 3.63808
96900 93.9571 -411.882 3.63513
97000 94.1491 -411.857 3.63697
97100 94.3413 -411.975 3.63601
97200 94.5336 -411.996 3.6405
97300 94.7262 -411.752 3.64253
97400 94.9189 -411.797 3.64599
97500 95.1119 -411.959 3.64316
97600 95.305 -412.028 3.64595
97700 95.4984 -411.946 3.64329
97800 95.6919 -412.08 3.64157
97900 95.8857 -412.018 3.6449
98000 96.0796 -411.893 3.64625
98100 96.2737 -411.867 3.64387
98200 96.4681 -412.211 3.64099
98300 96.6626 -412.203 3.63968
98400 96.8573 -412.077 3.6383
98500 97.0523 -412.359 3.63763
98600 97.2474 -412.264 3.63616
98700 97.4427 -412.296 3.63862
98800 97.6383 -412.017 3.63893
98900 97.834 -412.021 3.63675
99000 98.0299 -412.271 3.63715
99100 98.226 -412.212 3.63648
99200 98.4223 -412.084 3.63375
99300 98.6189 -412.078 3.63115
99400 98.8156 -412.196 3.63207
99500 99.0125 -412.224 3.63474
99600 99.2096 -412.046 3.63731
99700 99.4069 -411.986 3.63702
99800 99.6044 -412.054 3.63579
99900 99.8021 -412.054 3.6354
100000 100 -412.022 3.63206
