100 1.0001 2207.23 2.50395
200 1.0004 2141.64 2.50739
300 1.00089 2097.83 2.51129
400 1.00158 2041.6 2.51705
500 1.00248 2028.87 2.5202
600 1.00356 2020.37 2.52122
700 1.00485 1997.09 2.5267
800 1.00634 1967.79 2.53008
900 1.00802 1955.25 2.53179
1000 1.0099 1947.34 2.53469
1100 1.01198 1942.42 2.53668
1200 1.01426 1934.46 2.539
1300 1.01673 1928.93 2.54252
1400 1.0194 1927.38 2.5451
1500 1.02228 1898.89 2.54995
1600 1.02534 1889.59 2.55339
1700 1.02861 1877.85 2.5591
1800 1.03208 1860.28 2.55868
1900 1.03574 1861.8 2.56383
2000 1.0396 1860.18 2.5666
2100 1.04366 1882.57 2.57051
2200 1.04792 1839.69 2.57201
2300 1.05237 1834.75 2.57471
2400 1.05702 1812.79 2.57689
2500 1.06188 1807.32 2.58031
2600 1.06692 1799.78 2.58161
2700 1.07217 1771.4 2.5868
2800 1.07762 1768.53 2.58998
2900 1.08326 1765.06 2.59143
3000 1.0891 1744.9 2.59602
3100 1.09514 1730.06 2.6005
3200 1.10138 1724.32 2.60337
3300 1.10781 1704.68 2.60883
3400 1.11444 1727.47 2.60868
3500 1.12128 1700.7 2.61234
3600 1.1283 1687.71 2.61767
3700 1.13553 1669.08 2.61907
3800 1.14296 1670.9 2.62236
3900 1.15058 1671.14 2.62351
4000 1.1584 1651.49 2.62723
4100 1.16642 1637.48 2.63152
4200 1.17464 1630.2 2.6347
4300 1.18305 1624 2.6387
4400 1.19166 1609.47 2.64301
4500 1.20047 1598.29 2.64809
4600 1.20948 1590.81 2.65005
4700 1.21869 1572.25 2.6551
4800 1.2281 1569.86 2.65771
4900 1.2377 1559.09 2.66071
5000 1.2475 1557.61 2.66466
5100 1.2575 1555.79 2.66729
5200 1.2677 1558.8 2.6699
5300 1.27809 1526.52 2.67468
5400 1.28868 1526.33 2.67793
5500 1.29947 1506.78 2.68269
5600 1.31046 1488.85 2.68585
5700 1.32165 1497.02 2.68715
5800 1.33304 1484.87 2.69143
5900 1.34462 1494.79 2.69299
6000 1.3564 1489.11 2.69513
6100 1.36838 1474.51 2.69931
6200 1.38056 1469.26 2.70328
6300 1.39293 1469.03 2.70548
6400 1.4055 1461.61 2.70893
6500 1.41827 1450.53 2.71185
6600 1.43124 1441.26 2.7146
6700 1.44441 1444.34 2.71841
6800 1.45778 1429.66 2.71991
6900 1.47134 1410.1 2.72456
7000 1.4851 1399.57 2.72784
7100 1.49906 1404.45 2.73
7200 1.51322 1400.9 2.73039
7300 1.52757 1387.79 2.73456
7400 1.54212 1379.28 2.73898
7500 1.55688 1385.74 2.73997
7600 1.57182 1375.63 2.74191
7700 1.58697 1374.63 2.74547
7800 1.60232 1363.86 2.74928
7900 1.61786 1358.58 2.75302
8000 1.6336 1373.71 2.75656
8100 1.64954 1337.35 2.75954
8200 1.66568 1325.63 2.76319
8300 1.68201 1326.98 2.76656
8400 1.69854 1318.25 2.76961
8500 1.71528 1314.73 2.77342
8600 1.7322 1309.35 2.77502
8700 1.74933 1296.16 2.77966
8800 1.76666 1284.33 2.78338
8900 1.78418 1267.15 2.78704
9000 1.8019 1249.6 2.79222
9100 1.81982 1253.84 2.79365
9200 1.83794 1245.02 2.79754
9300 1.85625 1232.55 2.80124
9400 1.87476 1233.65 2.80529
9500 1.89348 1230.94 2.8077
9600 1.91238 1218.38 2.81345
9700 1.93149 1213.95 2.81593
9800 1.9508 1227.97 2.81874
9900 1.9703 1198.58 2.82493
10000 1.99 1191.72 2.82837
10100 2.0099 1185.75 2.83267
10200 2.03 1166.72 2.83709
10300 2.05029 1158.92 2.83953
10400 2.07078 1152.57 2.84257
10500 2.09147 1143.97 2.84776
10600 2.11236 1171.08 2.85284
10700 2.13345 1183.95 2.85649
10800 2.15474 1150.01 2.86329
10900 2.17622 1119.72 2.867
11000 2.1979 1115.65 2.87058
11100 2.21978 1099 2.87682
11200 2.24186 1097.52 2.87806
11300 2.26413 1095.29 2.88275
11400 2.2866 1083.85 2.88754
11500 2.30927 1078.59 2.89206
11600 2.33214 1061.96 2.89805
11700 2.35521 1063.5 2.90057
11800 2.37848 1059.56 2.90518
11900 2.40194 1042.57 2.90866
12000 2.4256 1056.8 2.91029
12100 2.44946 1032.95 2.91309
12200 2.47352 1027.68 2.91701
12300 2.49777 1019.55 2.92063
12400 2.52222 1016.25 2.92479
12500 2.54688 1007.77 2.92807
12600 2.57172 997.647 2.9329
12700 2.59677 995.292 2.93725
12800 2.62202 1001.22 2.94095
12900 2.64746 987.519 2.94574
13000 2.6731 978.349 2.94983
13100 2.69894 968.85 2.95319
13200 2.72498 973.49 2.95692
13300 2.75121 952.687 2.9615
13400 2.77764 937.394 2.9665
13500 2.80428 923.501 2.97338
13600 2.8311 914.802 2.97671
13700 2.85813 902.804 2.98048
13800 2.88536 905.527 2.98463
13900 2.91278 889.832 2.99045
14000 2.9404 886.048 2.99466
14100 2.96822 881.862 2.99832
14200 2.99624 850.462 3.00349
14300 3.02445 872.095 3.00772
14400 3.05286 864.192 3.01245
14500 3.08147 854.496 3.01733
14600 3.11028 850.913 3.01937
14700 3.13929 849.47 3.02483
14800 3.1685 824.963 3.03215
14900 3.1979 823.058 3.03554
15000 3.2275 818.153 3.04053
15100 3.2573 808.891 3.04427
15200 3.2873 795.528 3.05038
15300 3.31749 814.597 3.0549
15400 3.34788 782.135 3.05885
15500 3.37848 776.422 3.0626
15600 3.40926 778.844 3.06708
15700 3.44025 757.771 3.07215
15800 3.47144 748.005 3.07818
15900 3.50282 737.794 3.08386
16000 3.5344 754.472 3.08824
16100 3.56618 761.337 3.09219
16200 3.59816 741.868 3.09574
16300 3.63033 700.601 3.10226
16400 3.6627 655.515 3.10909
16500 3.69528 660.195 3.11627
16600 3.72804 662.495 3.12309
16700 3.76101 665.678 3.12651
16800 3.79418 660.872 3.12985
16900 3.82754 649.388 3.13592
17000 3.8611 642.594 3.14051
17100 3.89486 651.375 3.14526
17200 3.92882 633.168 3.14956
17300 3.96297 625.188 3.1568
17400 3.99732 636.344 3.15984
17500 4.03187 613.381 3.16375
17600 4.06662 575.501 3.16857
17700 4.10157 535.674 3.172
17800 4.13672 542.797 3.17709
17900 4.17206 533.144 3.18116
18000 4.2076 512.257 3.18834
18100 4.24334 537.831 3.19104
18200 4.27928 464.837 3.19782
18300 4.31541 475.795 3.20171
18400 4.35174 499.522 3.20491
18500 4.38828 519.496 3.21001
18600 4.425 551.4 3.21352
18700 4.46193 574.535 3.21547
18800 4.49906 551.726 3.22166
18900 4.53638 556.284 3.22664
19000 4.5739 505.036 3.23324
19100 4.61162 478.284 3.23957
19200 4.64954 449.332 3.24423
19300 4.68765 400.247 3.24914
19400 4.72596 320.493 3.25124
19500 4.76448 238.041 3.25531
19600 4.80318 208.257 3.26165
19700 4.84209 149.633 3.26687
19800 4.8812 153.256 3.26922
19900 4.9205 212.139 3.27243
20000 4.96 179.117 3.27484
20100 4.9997 189.33 3.27961
20200 5.0396 57.126 3.28335
20300 5.07969 -5.79047 3.28797
20400 5.11998 -77.4518 3.2912
20500 5.16047 -7.58373 3.29873
20600 5.20116 -18.758 3.30276
20700 5.24205 -41.7374 3.30573
20800 5.28314 -116.42 3.30772
20900 5.32442 -75.1781 3.30869
21000 5.3659 -103.98 3.31092
21100 5.40758 -25.8701 3.31472
21200 5.44946 -90.4586 3.31706
21300 5.49153 -121.593 3.32067
21400 5.5338 -132.612 3.32219
21500 5.57627 -147.226 3.32539
21600 5.61894 -96.8432 3.3287
21700 5.66181 16.8679 3.33675
21800 5.70488 32.8178 3.33982
21900 5.74814 7.95751 3.34469
22000 5.7916 -192.186 3.3482
22100 5.83526 -121.472 3.35004
22200 5.87912 -105.349 3.3522
22300 5.92317 -201.177 3.35667
22400 5.96742 -186.29 3.3596
22500 6.01188 -251.38 3.36216
22600 6.05652 -255.58 3.36408
22700 6.10137 -241.834 3.36649
22800 6.14642 -102.728 3.37084
22900 6.19166 -174.6 3.37386
23000 6.2371 -220.544 3.37446
23100 6.28274 -290.377 3.37832
23200 6.32858 -301.998 3.3788
23300 6.37461 -302.6 3.38103
23400 6.42084 -306.969 3.38257
23500 6.46727 -311.398 3.38631
23600 6.5139 -314.012 3.38823
23700 6.56073 -325.744 3.38954
23800 6.60776 -328.41 3.38976
23900 6.65498 -337.264 3.3919
24000 6.7024 -266.661 3.39344
24100 6.75002 -275.484 3.39833
24200 6.79784 -305.308 3.40113
24300 6.84585 -327.021 3.40115
24400 6.89406 -348.552 3.4029
24500 6.94247 -350.271 3.40336
24600 6.99108 -366.865 3.40619
24700 7.03989 -363.143 3.40636
24800 7.0889 -361.827 3.40598
24900 7.1381 -314.724 3.40869
25000 7.1875 -338.268 3.41149
25100 7.2371 -342.096 3.41436
25200 7.2869 -342.106 3.41529
25300 7.33689 -347.163 3.41878
25400 7.38708 -346.765 3.42105
25500 7.43748 -347.264 3.42091
25600 7.48806 -352.687 3.42501
25700 7.53885 -352.96 3.42903
25800 7.58984 -287.678 3.43055
25900 7.64102 -343.551 3.4316
26000 7.6924 -350.973 3.43335
26100 7.74398 -348.887 3.43307
26200 7.79576 -354.08 3.4323
26300 7.84773 -355.542 3.43483
26400 7.8999 -357.53 3.43574
26500 7.95228 -358.284 3.43863
26600 8.00484 -343.951 3.4398
26700 8.05761 -351.607 3.44046
26800 8.11058 -352.068 3.44417
26900 8.16374 -349.839 3.44565
27000 8.2171 -352.53 3.44722
27100 8.27066 -344.584 3.44897
27200 8.32442 -335.526 3.45136
27300 8.37837 -335.562 3.45695
27400 8.43252 -364.391 3.45995
27500 8.48688 -368.21 3.46088
27600 8.54142 -365.769 3.46038
27700 8.59617 -370.293 3.46093
27800 8.65112 -367.572 3.46087
27900 8.70626 -377.117 3.46124
28000 8.7616 -381.546 3.4608
28100 8.81714 -383.249 3.46349
28200 8.87288 -382.629 3.46127
28300 8.92881 -383.444 3.46384
28400 8.98494 -383.974 3.4646
28500 9.04127 -382.707 3.46659
28600 9.0978 -373.933 3.46721
28700 9.15453 -387.136 3.46699
28800 9.21146 -386.57 3.4679
28900 9.26858 -387.254 3.46862
29000 9.3259 -388.122 3.47237
29100 9.38342 -388.803 3.47239
29200 9.44114 -388.227 3.47375
29300 9.49905 -388.443 3.47594
29400 9.55716 -388.227 3.47841
29500 9.61547 -388.433 3.47847
29600 9.67398 -389.223 3.47874
29700 9.73269 -390.036 3.48026
29800 9.7916 -377.166 3.48073
29900 9.8507 -387.386 3.48389
30000 9.91 -389.835 3.48522
30100 9.9695 -390.548 3.48445
30200 10.0292 -390.746 3.48457
30300 10.0891 -389.888 3.48617
30400 10.1492 -374.619 3.48621
30500 10.2095 -375.872 3.48729
30600 10.27 -375.728 3.48682
30700 10.3307 -347.381 3.4883
30800 10.3915 -372.361 3.49036
30900 10.4526 -378.314 3.49327
31000 10.5139 -379.965 3.49585
31100 10.5754 -379.773 3.49513
31200 10.6371 -380.601 3.49623
31300 10.6989 -380.447 3.49694
31400 10.761 -380.723 3.49669
31500 10.8233 -380.95 3.49599
31600 10.8857 -380.93 3.49469
31700 10.9484 -381.758 3.49493
31800 11.0113 -381.037 3.49565
31900 11.0743 -381.535 3.49507
32000 11.1376 -369.31 3.49658
32100 11.2011 -383.464 3.49746
32200 11.2647 -383.108 3.49994
32300 11.3286 -386.17 3.50052
32400 11.3926 -387.222 3.50206
32500 11.4569 -388.253 3.50425
32600 11.5213 -388.374 3.50541
32700 11.586 -388.216 3.50502
32800 11.6508 -385.687 3.50525
32900 11.7159 -385.993 3.5058
33000 11.7811 -388.539 3.50778
33100 11.8465 -389.253 3.51
33200 11.9122 -389.15 3.51084
33300 11.978 -392.024 3.51316
33400 12.044 -365.415 3.51378
33500 12.1103 -364.936 3.5184
33600 12.1767 -387.826 3.51963
33700 12.2433 -388.96 3.51979
33800 12.3102 -391.438 3.52301
33900 12.3772 -391.786 3.52717
34000 12.4444 -392.353 3.52684
34100 12.5118 -392.452 3.53247
34200 12.5794 -393.258 3.536
34300 12.6473 -393.299 3.53782
34400 12.7153 -390.508 3.53863
34500 12.7835 -393.469 3.54048
34600 12.8519 -394.391 3.53909
34700 12.9205 -394.555 3.54413
34800 12.9893 -394.624 3.54581
34900 13.0583 -304.778 3.54774
35000 13.1275 -373.528 3.54884
35100 13.1969 -315.073 3.549
35200 13.2665 -343.956 3.55171
35300 13.3363 -362.524 3.55443
35400 13.4063 -378.126 3.55537
35500 13.4765 -382.626 3.55794
35600 13.5469 -382.98 3.56084
35700 13.6175 -384.852 3.56915
35800 13.6882 -343.777 3.5688
35900 13.7592 -355.884 3.57016
36000 13.8304 -362.352 3.57258
36100 13.9018 -387.034 3.57828
36200 13.9734 -346.809 3.57985
36300 14.0451 -378.258 3.58104
36400 14.1171 -384.641 3.58121
36500 14.1893 -389.029 3.58227
36600 14.2616 -391.397 3.587
36700 14.3342 -392.244 3.58969
36800 14.407 -392.566 3.59046
36900 14.4799 -393.03 3.5921
37000 14.5531 -393.542 3.59624
37100 14.6265 -392.598 3.6014
37200 14.7 -392.653 3.60057
37300 14.7738 -392.49 3.60228
37400 14.8477 -393.405 3.60112
37500 14.9219 -393.787 3.60203
37600 14.9962 -394.226 3.60236
37700 15.0708 -392.221 3.60276
37800 15.1455 -394.174 3.60383
37900 15.2205 -394.244 3.60388
38000 15.2956 -395.075 3.60699
38100 15.3709 -395.744 3.61063
38200 15.4465 -396.16 3.60984
38300 15.5222 -395.876 3.61284
38400 15.5981 -395.883 3.61693
38500 15.6743 -364.327 3.61769
38600 15.7506 -388.621 3.61778
38700 15.8271 -391.807 3.61467
38800 15.9039 -392.528 3.6135
38900 15.9808 -393.199 3.61532
39000 16.0579 -394.916 3.62032
39100 16.1352 -395.071 3.62254
39200 16.2127 -395.392 3.62444
39300 16.2905 -395.528 3.62522
39400 16.3684 -395.882 3.62648
39500 16.4465 -395.699 3.62541
39600 16.5248 -395.968 3.62493
39700 16.6033 -396.548 3.62598
39800 16.682 -395.634 3.62766
39900 16.7609 -395.399 3.62829
40000 16.84 -396.791 3.62654
40100 16.9193 -362.655 3.6279
40200 16.9988 -380.137 3.62973
40300 17.0785 -390.812 3.62866
40400 17.1584 -393.277 3.63029
40500 17.2385 -394.987 3.63178
40600 17.3188 -394.018 3.62716
40700 17.3993 -378.784 3.62914
40800 17.4799 -370.46 3.6298
40900 17.5608 -378.993 3.6333
41000 17.6419 -386.057 3.63286
41100 17.7232 -389.923 3.63153
41200 17.8047 -389.997 3.63134
41300 17.8863 -389.986 3.63312
41400 17.9682 -390.369 3.63258
41500 18.0503 -384.735 3.63072
41600 18.1325 -390.037 3.63181
41700 18.215 -390.794 3.6309
41800 18.2977 -390.364 3.63293
41900 18.3805 -391.314 3.62978
42000 18.4636 -388.647 3.62858
42100 18.5469 -391.852 3.63097
42200 18.6303 -391.513 3.6305
42300 18.714 -392.765 3.63348
42400 18.7978 -393.533 3.63467
42500 18.8819 -393.842 3.63837
42600 18.9661 -393.864 3.64148
42700 19.0506 -394.71 3.64617
42800 19.1352 -394.505 3.64922
42900 19.2201 -394.783 3.64716
43000 19.3051 -371.722 3.65152
43100 19.3903 -390.383 3.65106
43200 19.4758 -392.979 3.65451
43300 19.5614 -394.222 3.65638
43400 19.6472 -394.207 3.65532
43500 19.7333 -394.642 3.65367
43600 19.8195 -394.325 3.64948
43700 19.9059 -395.174 3.65053
43800 19.9926 -394.638 3.65125
43900 20.0794 -395.294 3.64905
44000 20.1664 -395.378 3.64876
44100 20.2536 -395.473 3.64607
44200 20.341 -395.181 3.64725
44300 20.4287 -395.877 3.64801
44400 20.5165 -395.564 3.65229
44500 20.6045 -396.145 3.65372
44600 20.6927 -345.725 3.65445
44700 20.7811 -362.661 3.65559
44800 20.8697 -384.605 3.65649
44900 20.9585 -389.112 3.65902
45000 21.0475 -390.361 3.65664
45100 21.1367 -391.045 3.65717
45200 21.2261 -390.8 3.65859
45300 21.3157 -391.345 3.66128
45400 21.4055 -392.666 3.66325
45500 21.4955 -393.644 3.66609
45600 21.5857 -393.796 3.67142
45700 21.6761 -394.391 3.67237
45800 21.7666 -394.989 3.67343
45900 21.8574 -325.835 3.6714
46000 21.9484 -362.716 3.67272
46100 22.0396 -383.42 3.67579
46200 22.131 -387.534 3.67726
46300 22.2225 -388.553 3.67883
46400 22.3143 -388.447 3.67937
46500 22.4063 -380.282 3.67855
46600 22.4984 -381.715 3.67733
46700 22.5908 -383.14 3.68166
46800 22.6834 -384.928 3.68036
46900 22.7761 -385.729 3.68001
47000 22.8691 -386.003 3.68166
47100 22.9623 -387.032 3.68357
47200 23.0556 -386.961 3.68425
47300 23.1492 -387.77 3.68731
47400 23.2429 -387.737 3.68777
47500 23.3369 -388.173 3.68569
47600 23.431 -388.549 3.68363
47700 23.5254 -388.302 3.68378
47800 23.6199 -388.026 3.68454
47900 23.7147 -387.67 3.68565
48000 23.8096 -388.76 3.68509
48100 23.9047 -388.678 3.68619
48200 24.0001 -388.724 3.68525
48300 24.0956 -383.486 3.68515
48400 24.1913 -328.646 3.68746
48500 24.2873 -365.873 3.68848
48600 24.3834 -357.527 3.69234
48700 24.4797 -367.774 3.69428
48800 24.5763 -370.227 3.69441
48900 24.673 -372.08 3.69479
49000 24.7699 -373.123 3.69746
49100 24.867 -372.723 3.6998
49200 24.9643 -373.666 3.70174
49300 25.0619 -384.643 3.70437
49400 25.1596 -387.422 3.7075
49500 25.2575 -387.747 3.708
49600 25.3556 -386.584 3.71038
49700 25.4539 -386.031 3.70862
49800 25.5524 -386.644 3.70812
49900 25.6511 -387.163 3.70625
50000 25.75 -375.832 3.70873
50100 25.8491 -383.939 3.71012
50200 25.9484 -385.561 3.71004
50300 26.0479 -386.119 3.71186
50400 26.1476 -386.037 3.71576
50500 26.2475 -264.594 3.717
50600 26.3476 -387.427 3.72009
50700 26.4479 -389.276 3.72292
50800 26.5483 -366.584 3.72362
50900 26.649 -379.253 3.72196
51000 26.7499 -385.211 3.72182
51100 26.851 -386.09 3.72375
51200 26.9523 -386.677 3.72367
51300 27.0537 -386.799 3.72391
51400 27.1554 -386.894 3.72415
51500 27.2573 -386.891 3.72315
51600 27.3593 -386.892 3.72741
51700 27.4616 -303.519 3.73398
51800 27.5641 -312.993 3.74055
51900 27.6667 -346.391 3.74222
52000 27.7696 -354.444 3.74385
52100 27.8727 -356.254 3.74633
52200 27.9759 -357.49 3.74447
52300 28.0794 -344.087 3.74504
52400 28.183 -368.689 3.74649
52500 28.2869 -369.436 3.74649
52600 28.3909 -370.903 3.74749
52700 28.4952 -371.592 3.74964
52800 28.5996 -372.326 3.75375
52900 28.7043 -378.485 3.75541
53000 28.8091 -374.475 3.75936
53100 28.9141 -379.427 3.75957
53200 29.0194 -372.666 3.76227
53300 29.1248 -380.02 3.7593
53400 29.2304 -381.329 3.75864
53500 29.3363 -381.851 3.75759
53600 29.4423 -382.335 3.75809
53700 29.5485 -379.305 3.75798
53800 29.655 -380.905 3.75567
53900 29.7616 -383.01 3.75234
54000 29.8684 -382.019 3.75347
54100 29.9754 -382.884 3.75397
54200 30.0826 -384.656 3.75663
54300 30.1901 -386.135 3.75755
54400 30.2977 -387.354 3.75782
54500 30.4055 -387.573 3.75826
54600 30.5135 -387.532 3.75816
54700 30.6217 -387.814 3.76068
54800 30.7301 -388.145 3.75728
54900 30.8387 -388.587 3.76006
55000 30.9475 -389.265 3.75879
55100 31.0565 -389.609 3.76341
55200 31.1657 -389.801 3.76391
55300 31.2751 -389.741 3.76261
55400 31.3847 -389.97 3.76415
55500 31.4945 -387.022 3.76494
55600 31.6045 -388.11 3.76859
55700 31.7147 -389.806 3.76793
55800 31.825 -390.318 3.77287
55900 31.9356 -384.264 3.77636
56000 32.0464 -389.585 3.77441
56100 32.1574 -390.4 3.77493
56200 32.2686 -383.393 3.77361
56300 32.3799 -388.216 3.77526
56400 32.4915 -388.767 3.77738
56500 32.6033 -388.716 3.78248
56600 32.7152 -390.173 3.78398
56700 32.8274 -350.573 3.78726
56800 32.9398 -351.612 3.78938
56900 33.0523 -351.968 3.78769
57000 33.1651 -354.33 3.78938
57100 33.2781 -364.371 3.79061
57200 33.3912 -382.125 3.7903
57300 33.5046 -383.893 3.78943
57400 33.6181 -383.979 3.79423
57500 33.7319 -384.804 3.79458
57600 33.8458 -385.169 3.79597
57700 33.96 -385.907 3.79513
57800 34.0743 -386.513 3.79252
57900 34.1889 -386.82 3.79334
58000 34.3036 -387.438 3.79213
58100 34.4185 -385.99 3.79164
58200 34.5337 -386.525 3.79223
58300 34.649 -386.688 3.79085
58400 34.7645 -386.941 3.79014
58500 34.8803 -387.355 3.79117
58600 34.9962 -387.907 3.79359
58700 35.1123 -387.708 3.79184
58800 35.2287 -387.829 3.79279
58900 35.3452 -388.283 3.7918
59000 35.4619 -382.815 3.79341
59100 35.5788 -386.542 3.79471
59200 35.6959 -388.63 3.79789
59300 35.8133 -389.838 3.79807
59400 35.9308 -390.163 3.79775
59500 36.0485 -390.718 3.79826
59600 36.1664 -390.874 3.80002
59700 36.2845 -391.081 3.80241
59800 36.4028 -391.409 3.80153
59900 36.5213 -391.831 3.80261
60000 36.64 -391.756 3.8053
60100 36.7589 -391.591 3.80379
60200 36.878 -391.794 3.80185
60300 36.9973 -386.345 3.80096
60400 37.1168 -389.254 3.80207
60500 37.2365 -389.935 3.79837
60600 37.3564 -380.717 3.8
60700 37.4765 -383.117 3.79692
60800 37.5967 -383.599 3.79685
60900 37.7172 -386.581 3.79717
61000 37.8379 -387.802 3.8028
61100 37.9588 -389.621 3.80313
61200 38.0799 -391.416 3.80193
61300 38.2011 -392.24 3.80504
61400 38.3226 -392.756 3.80622
61500 38.4443 -393.014 3.8022
61600 38.5661 -393.44 3.80406
61700 38.6882 -393.199 3.80674
61800 38.8105 -393.356 3.81012
61900 38.9329 -392.839 3.80948
62000 39.0556 -393.294 3.8108
62100 39.1785 -393.758 3.81303
62200 39.3015 -393.732 3.81311
62300 39.4248 -393.867 3.80994
62400 39.5482 -394.007 3.81053
62500 39.6719 -393.935 3.81404
62600 39.7957 -394.049 3.80856
62700 39.9198 -394.229 3.80882
62800 40.044 -394.161 3.8095
62900 40.1685 -394.355 3.8084
63000 40.2931 -394.175 3.80959
63100 40.4179 -394.232 3.81501
63200 40.543 -394.257 3.81213
63300 40.6682 -394.221 3.81127
63400 40.7936 -393.828 3.81157
63500 40.9193 -350.694 3.80952
63600 41.0451 -378.344 3.8084
63700 41.1711 -388.131 3.81344
63800 41.2974 -391.023 3.81163
63900 41.4238 -392.863 3.81507
64000 41.5504 -393.799 3.81862
64100 41.6772 -391.902 3.82614
64200 41.8042 -393.61 3.8257
64300 41.9315 -393.938 3.82449
64400 42.0589 -395.514 3.82106
64500 42.1865 -395.63 3.82288
64600 42.3143 -395.928 3.82026
64700 42.4423 -395.949 3.82069
64800 42.5705 -383.27 3.82576
64900 42.6989 -391.518 3.82302
65000 42.8275 -392.011 3.82222
65100 42.9563 -392.509 3.82928
65200 43.0853 -392.459 3.82965
65300 43.2145 -393.091 3.82774
65400 43.3439 -393.508 3.82655
65500 43.4735 -393.808 3.82809
65600 43.6033 -393.663 3.82703
65700 43.7333 -394.447 3.82345
65800 43.8634 -394.87 3.82528
65900 43.9938 -394.704 3.8258
66000 44.1244 -395.056 3.82391
66100 44.2552 -391.562 3.82081
66200 44.3862 -391.437 3.82202
66300 44.5173 -392.132 3.82039
66400 44.6487 -395.355 3.82511
66500 44.7803 -396.611 3.82379
66600 44.912 -396.565 3.82327
66700 45.044 -397.371 3.82123
66800 45.1762 -396.45 3.82244
66900 45.3085 -397.897 3.82224
67000 45.4411 -397.852 3.82196
67100 45.5739 -398.022 3.82201
67200 45.7068 -397.98 3.82795
67300 45.84 -397.842 3.82538
67400 45.9733 -398.4 3.82622
67500 46.1069 -398.902 3.82592
67600 46.2406 -399.039 3.82731
67700 46.3746 -399.228 3.82821
67800 46.5087 -399.247 3.82959
67900 46.6431 -399.363 3.83393
68000 46.7776 -399.303 3.83696
68100 46.9123 -398.972 3.83412
68200 47.0473 -399.114 3.83369
68300 47.1824 -399.255 3.8276
68400 47.3177 -399.207 3.82921
68500 47.4533 -399.238 3.82743
68600 47.589 -399.432 3.82636
68700 47.7249 -399.24 3.82499
68800 47.8611 -399.301 3.82833
68900 47.9974 -399.305 3.83044
69000 48.1339 -399.265 3.83318
69100 48.2706 -399.201 3.82866
69200 48.4075 -399.454 3.82992
69300 48.5447 -399.587 3.83333
69400 48.682 -399.848 3.83004
69500 48.8195 -399.956 3.82734
69600 48.9572 -337.656 3.82857
69700 49.0951 -390.682 3.83017
69800 49.2332 -392.999 3.83042
69900 49.3715 -394.143 3.83177
70000 49.51 -394.824 3.8324
70100 49.6487 -388.604 3.83712
70200 49.7876 -389.183 3.83623
70300 49.9267 -391.949 3.83382
70400 50.066 -392.454 3.83525
70500 50.2055 -393.212 3.83846
70600 50.3452 -393.221 3.84183
70700 50.4851 -393.238 3.83643
70800 50.6251 -393.317 3.83862
70900 50.7654 -393.619 3.84365
71000 50.9059 -393.705 3.8397
71100 51.0466 -393.936 3.83779
71200 51.1875 -393.967 3.84039
71300 51.3285 -393.857 3.84012
71400 51.4698 -393.793 3.84425
71500 51.6113 -393.943 3.84587
71600 51.7529 -394 3.8461
71700 51.8948 -394.352 3.84492
71800 52.0369 -394.268 3.84653
71900 52.1791 -394.339 3.84254
72000 52.3216 -394.373 3.84002
72100 52.4643 -394.382 3.8395
72200 52.6071 -394.549 3.84155
72300 52.7502 -394.569 3.842
72400 52.8934 -386.363 3.84184
72500 53.0369 -389.585 3.83839
72600 53.1805 -391.979 3.838
72700 53.3244 -393.535 3.83886
72800 53.4684 -394.113 3.83984
72900 53.6127 -393.959 3.83884
73000 53.7571 -394.32 3.84069
73100 53.9017 -394.352 3.83985
73200 54.0466 -394.407 3.83884
73300 54.1916 -394.789 3.83979
73400 54.3368 -394.92 3.8348
73500 54.4823 -394.971 3.83421
73600 54.6279 -395.032 3.8355
73700 54.7737 -395.252 3.83569
73800 54.9198 -395.074 3.8393
73900 55.066 -394.955 3.83665
74000 55.2124 -394.913 3.83661
74100 55.359 -387.968 3.83493
74200 55.5058 -389.358 3.83555
74300 55.6529 -307.959 3.8335
74400 55.8001 -370.694 3.83749
74500 55.9475 -385.131 3.83946
74600 56.0951 -387.677 3.84067
74700 56.2429 -390 3.83999
74800 56.3909 -391.714 3.8375
74900 56.5391 -393.075 3.83813
75000 56.6875 -393.315 3.83824
75100 56.8361 -393.898 3.83779
75200 56.9849 -395.432 3.84211
75300 57.1339 -396.093 3.84203
75400 57.2831 -396.269 3.84341
75500 57.4325 -390.271 3.84233
75600 57.5821 -377.328 3.84453
75700 57.7319 -385.257 3.84744
75800 57.8818 -387.758 3.84757
75900 58.032 -388.984 3.84642
76000 58.1824 -390.72 3.85189
76100 58.333 -381.398 3.85037
76200 58.4838 -388.292 3.84727
76300 58.6347 -392.313 3.84983
76400 58.7859 -394.592 3.85099
76500 58.9373 -394.868 3.85278
76600 59.0888 -395.626 3.85329
76700 59.2406 -395.805 3.8559
76800 59.3926 -395.151 3.85336
76900 59.5447 -395.833 3.85367
77000 59.6971 -395.926 3.85622
77100 59.8497 -396.206 3.85229
77200 60.0024 -396.303 3.85309
77300 60.1554 -396.191 3.85357
77400 60.3085 -396.322 3.85198
77500 60.4619 -396.482 3.85349
77600 60.6154 -396.441 3.85246
77700 60.7692 -396.663 3.85525
77800 60.9231 -396.731 3.84993
77900 61.0773 -396.874 3.84924
78000 61.2316 -394.898 3.85093
78100 61.3861 -396.761 3.84885
78200 61.5409 -396.919 3.84875
78300 61.6958 -397.035 3.85143
78400 61.8509 -397 3.85662
78500 62.0063 -396.98 3.85259
78600 62.1618 -396.898 3.8533
78700 62.3175 -396.981 3.85309
78800 62.4735 -396.954 3.854
78900 62.6296 -396.907 3.85602
79000 62.7859 -396.897 3.85761
79100 62.9424 -396.999 3.86099
79200 63.0991 -397.139 3.86174
79300 63.2561 -397.179 3.86173
79400 63.4132 -382.339 3.86425
79500 63.5705 -389.533 3.86182
79600 63.728 -392.255 3.86398
79700 63.8857 -393.057 3.86509
79800 64.0436 -393.165 3.86687
79900 64.2017 -393.314 3.87029
80000 64.36 -393.877 3.86981
80100 64.5185 -394.126 3.86899
80200 64.6772 -394.614 3.871
80300 64.8361 -394.438 3.87175
80400 64.9952 -394.909 3.87151
80500 65.1545 -394.806 3.87291
80600 65.314 -394.783 3.86833
80700 65.4737 -394.896 3.86624
80800 65.6335 -395.073 3.86632
80900 65.7936 -394.905 3.86625
81000 65.9539 -395.229 3.86651
81100 66.1144 -394.367 3.86468
81200 66.2751 -395.221 3.86441
81300 66.4359 -395.403 3.86235
81400 66.597 -395.402 3.86231
81500 66.7583 -395.615 3.86139
81600 66.9197 -395.687 3.86056
81700 67.0814 -396.157 3.86165
81800 67.2433 -396.176 3.86474
81900 67.4053 -396.538 3.86087
82000 67.5676 -396.399 3.86152
82100 67.7301 -396.428 3.86187
82200 67.8927 -396.546 3.86236
82300 68.0556 -396.594 3.86256
82400 68.2186 -396.514 3.85956
82500 68.3819 -396.011 3.86165
82600 68.5453 -396.205 3.86292
82700 68.709 -396.645 3.86515
82800 68.8728 -396.379 3.86434
82900 69.0369 -388.382 3.8628
83000 69.2011 -393.08 3.86291
83100 69.3655 -393.131 3.86337
83200 69.5302 -392.15 3.85891
83300 69.695 -394.39 3.85531
83400 69.86 -394.294 3.85459
83500 70.0253 -394.833 3.85505
83600 70.1907 -395.87 3.8509
83700 70.3563 -364.899 3.84762
83800 70.5222 -387.999 3.85362
83900 70.6882 -391.06 3.84849
84000 70.8544 -391.774 3.85347
84100 71.0208 -392.302 3.85758
84200 71.1874 -392.096 3.85996
84300 71.3543 -392.793 3.86357
84400 71.5213 -312.075 3.85972
84500 71.6885 -385.43 3.86275
84600 71.8559 -387.837 3.86416
84700 72.0235 -387.898 3.86143
84800 72.1913 -388.223 3.86673
84900 72.3593 -390.711 3.86894
85000 72.5275 -391.481 3.86995
85100 72.6959 -391.669 3.87522
85200 72.8645 -391.64 3.87489
85300 73.0333 -391.709 3.87557
85400 73.2023 -391.813 3.87445
85500 73.3715 -362.016 3.87447
85600 73.5409 -390.963 3.87755
85700 73.7105 -387.85 3.87874
85800 73.8802 -388.656 3.88208
85900 74.0502 -388.72 3.88131
86000 74.2204 -389.48 3.88371
86100 74.3908 -390.261 3.88266
86200 74.5614 -390.521 3.8845
86300 74.7321 -390.665 3.88283
86400 74.9031 -390.971 3.88327
86500 75.0743 -390.533 3.88803
86600 75.2456 -381.022 3.887
86700 75.4172 -388.704 3.88822
86800 75.589 -391.842 3.88884
86900 75.7609 -392.35 3.88943
87000 75.9331 -392.541 3.89027
87100 76.1055 -393.045 3.8924
87200 76.278 -393.185 3.8919
87300 76.4508 -393.172 3.8925
87400 76.6237 -392.791 3.89703
87500 76.7969 -387.07 3.89693
87600 76.9702 -388.361 3.90014
87700 77.1438 -389.108 3.89962
87800 77.3175 -389.258 3.89782
87900 77.4915 -389.639 3.90029
88000 77.6656 -389.726 3.9032
88100 77.8399 -390.1 3.90579
88200 78.0145 -390.187 3.907
88300 78.1892 -390.297 3.90571
88400 78.3641 -382.713 3.90722
88500 78.5393 -388.96 3.90732
88600 78.7146 -390.253 3.90781
88700 78.8901 -390.665 3.91189
88800 79.0659 -391.197 3.90873
88900 79.2418 -391.327 3.9068
89000 79.4179 -391.223 3.91254
89100 79.5942 -368.946 3.91739
89200 79.7707 -383.206 3.91858
89300 79.9475 -385.349 3.91784
89400 80.1244 -387.228 3.91829
89500 80.3015 -379.343 3.92066
89600 80.4788 -384.995 3.92372
89700 80.6563 -386.066 3.92428
89800 80.834 -387.918 3.92568
89900 81.0119 -388.251 3.92888
90000 81.19 -387.757 3.92799
90100 81.3683 -390.054 3.92741
90200 81.5468 -391.051 3.92945
90300 81.7255 -391.602 3.92742
90400 81.9044 -391.642 3.9259
90500 82.0835 -391.85 3.92467
90600 82.2628 -392.053 3.92388
90700 82.4423 -392.06 3.92247
90800 82.6219 -389.849 3.92312
90900 82.8018 -390.024 3.91833
91000 82.9819 -391.829 3.91976
91100 83.1622 -390.931 3.91659
91200 83.3427 -391.581 3.91561
91300 83.5233 -392.748 3.91634
91400 83.7042 -392.973 3.91426
91500 83.8853 -394.678 3.91653
91600 84.0665 -395.687 3.91288
91700 84.248 -395.741 3.9126
91800 84.4297 -395.82 3.91076
91900 84.6115 -396.135 3.91128
92000 84.7936 -396.248 3.91201
92100 84.9759 -396.49 3.91055
92200 85.1583 -390.921 3.9098
92300 85.341 -393.991 3.90658
92400 85.5238 -395.375 3.90463
92500 85.7069 -365.522 3.90109
92600 85.8901 -389.222 3.90076
92700 86.0736 -391.655 3.90282
92800 86.2572 -392.13 3.90114
92900 86.4411 -392.429 3.90488
93000 86.6251 -393.349 3.91014
93100 86.8093 -394.003 3.91269
93200 86.9938 -394.271 3.91257
93300 87.1784 -394.392 3.91761
93400 87.3632 -382.285 3.9173
93500 87.5483 -393.247 3.91773
93600 87.7335 -394.463 3.91791
93700 87.9189 -394.787 3.91875
93800 88.1046 -394.985 3.92067
93900 88.2904 -395.064 3.9229
94000 88.4764 -394.726 3.92384
94100 88.6626 -395.262 3.92595
94200 88.849 -384.198 3.92513
94300 89.0357 -389.896 3.92236
94400 89.2225 -391.034 3.92596
94500 89.4095 -392.445 3.92623
94600 89.5967 -392.809 3.92605
94700 89.7841 -393.292 3.92614
94800 89.9717 -394.04 3.9252
94900 90.1595 -393.818 3.92818
95000 90.3475 -393.919 3.92882
95100 90.5357 -393.988 3.93215
95200 90.7241 -394.167 3.93117
95300 90.9127 -394.193 3.93047
95400 91.1015 -394.317 3.92926
95500 91.2905 -394.356 3.92678
95600 91.4797 -394.332 3.92665
95700 91.6691 -394.563 3.92253
95800 91.8586 -394.468 3.92003
95900 92.0484 -394.623 3.92281
96000 92.2384 -394.514 3.92304
96100 92.4286 -394.604 3.92241
96200 92.619 -394.709 3.9272
96300 92.8095 -392.367 3.92926
96400 93.0003 -393.805 3.9301
96500 93.1913 -393.856 3.92896
96600 93.3824 -394.04 3.92836
96700 93.5738 -394.336 3.92435
96800 93.7654 -394.578 3.92536
96900 93.9571 -394.614 3.92471
97000 94.1491 -394.669 3.92284
97100 94.3413 -394.755 3.92104
97200 94.5336 -394.757 3.92166
97300 94.7262 -394.733 3.92584
97400 94.9189 -394.68 3.92875
97500 95.1119 -394.847 3.928
97600 95.305 -394.842 3.92768
97700 95.4984 -394.771 3.92563
97800 95.6919 -394.924 3.92805
97900 95.8857 -394.981 3.92686
98000 96.0796 -394.987 3.92725
98100 96.2737 -394.665 3.92706
98200 96.4681 -395.076 3.92484
98300 96.6626 -395.028 3.92383
98400 96.8573 -395.055 3.92216
98500 97.0523 -394.972 3.92478
98600 97.2474 -385.396 3.9242
98700 97.4427 -386.47 3.91959
98800 97.6383 -386.604 3.91752
98900 97.834 -388.445 3.91619
99000 98.0299 -388.652 3.91168
99100 98.226 -388.88 3.90919
99200 98.4223 -389.042 3.90681
99300 98.6189 -389.204 3.89968
99400 98.8156 -377 3.90308
99500 99.0125 -381.967 3.90082
99600 99.2096 -382.676 3.90017
99700 99.4069 -384.236 3.898
99800 99.6044 -386.107 3.89245
99900 99.8021 -387.643 3.89166
100000 100 -388.109 3.89197
