100 1.0001 2177.24 2.50158
200 1.0004 2132.18 2.50504
300 1.00089 2105.44 2.50653
400 1.00158 2093.33 2.50863
500 1.00248 2063.89 2.51158
600 1.00356 2028.02 2.51459
700 1.00485 2005.67 2.51667
800 1.00634 2013.08 2.5177
900 1.00802 1989.62 2.52328
1000 1.0099 1983.07 2.52491
1100 1.01198 1977.05 2.52902
1200 1.01426 1964.28 2.53081
1300 1.01673 1957.76 2.53398
1400 1.0194 1935.27 2.53623
1500 1.02228 1918.96 2.54097
1600 1.02534 1894.2 2.54385
1700 1.02861 1888.12 2.54679
1800 1.03208 1879.84 2.54988
1900 1.03574 1859.27 2.5558
2000 1.0396 1845.33 2.55915
2100 1.04366 1921.9 2.55954
2200 1.04792 1883.18 2.56029
2300 1.05237 1859.2 2.56562
2400 1.05702 1850.96 2.56912
2500 1.06188 1833.79 2.5692
2600 1.06692 1826.91 2.57181
2700 1.07217 1827.61 2.57628
2800 1.07762 1783.54 2.58094
2900 1.08326 1781.55 2.58257
3000 1.0891 1787.72 2.58467
3100 1.09514 1765.67 2.5855
3200 1.10138 1763.67 2.58787
3300 1.10781 1750.8 2.59131
3400 1.11444 1743.46 2.59509
3500 1.12128 1729.48 2.59815
3600 1.1283 1717.13 2.60314
3700 1.13553 1700.96 2.60549
3800 1.14296 1696.15 2.6077
3900 1.15058 1694.05 2.61027
4000 1.1584 1702.02 2.6114
4100 1.16642 1778.05 2.61527
4200 1.17464 1695.37 2.61675
4300 1.18305 1712.07 2.61708
4400 1.19166 1690.91 2.61742
4500 1.20047 1677.64 2.62193
4600 1.20948 1654.1 2.62632
4700 1.21869 1642.74 2.6287
4800 1.2281 1661.17 2.63033
4900 1.2377 1653.3 2.63385
5000 1.2475 1644.37 2.63681
5100 1.2575 1624.75 2.63826
5200 1.2677 1611.31 2.64164
5300 1.27809 1644.6 2.6449
5400 1.28868 1606.92 2.64795
5500 1.29947 1591.66 2.65345
5600 1.31046 1565.28 2.65906
5700 1.32165 1553.83 2.66476
5800 1.33304 1556.83 2.66654
5900 1.34462 1598.95 2.66944
6000 1.3564 1549.86 2.67448
6100 1.36838 1529.24 2.67712
6200 1.38056 1523.39 2.68344
6300 1.39293 1527.37 2.68513
6400 1.4055 1501.3 2.69115
6500 1.41827 1506.64 2.69459
6600 1.43124 1494.37 2.69714
6700 1.44441 1488.26 2.69823
6800 1.45778 1491.43 2.70007
6900 1.47134 1473.58 2.70356
7000 1.4851 1469.76 2.70373
7100 1.49906 1459.53 2.7055
7200 1.51322 1462.62 2.70969
7300 1.52757 1448.24 2.71417
7400 1.54212 1436.94 2.71757
7500 1.55688 1433.58 2.72019
7600 1.57182 1425.69 2.72464
7700 1.58697 1403.99 2.72942
7800 1.60232 1414.16 2.73511
7900 1.61786 1412.59 2.73549
8000 1.6336 1406.7 2.73693
8100 1.64954 1400.36 2.73895
8200 1.66568 1403.92 2.74111
8300 1.68201 1397.95 2.74514
8400 1.69854 1376.18 2.74801
8500 1.71528 1362.03 2.7524
8600 1.7322 1343.46 2.75706
8700 1.74933 1345.75 2.75962
8800 1.76666 1333.24 2.76239
8900 1.78418 1337.2 2.76596
9000 1.8019 1338.09 2.76916
9100 1.81982 1338.83 2.77331
9200 1.83794 1316.8 2.77681
9300 1.85625 1329.49 2.77965
9400 1.87476 1304.03 2.78488
9500 1.89348 1287.55 2.78953
9600 1.91238 1278.01 2.79496
9700 1.93149 1261.88 2.79985
9800 1.9508 1243.17 2.80567
9900 1.9703 1240.8 2.80838
10000 1.99 1233.09 2.80929
10100 2.0099 1230.37 2.81421
10200 2.03 1221.31 2.81545
10300 2.05029 1209.13 2.81887
10400 2.07078 1199.9 2.82246
10500 2.09147 1187.84 2.82601
10600 2.11236 1179.43 2.83135
10700 2.13345 1164.62 2.83626
10800 2.15474 1164.77 2.83919
10900 2.17622 1159.77 2.84312
11000 2.1979 1149.44 2.84593
11100 2.21978 1148.47 2.84909
11200 2.24186 1131.54 2.85389
11300 2.26413 1125.15 2.85777
11400 2.2866 1116.24 2.86343
11500 2.30927 1108.06 2.86775
11600 2.33214 1096.1 2.87326
11700 2.35521 1085.25 2.87726
11800 2.37848 1083.08 2.88097
11900 2.40194 1077.06 2.8854
12000 2.4256 1072.76 2.88863
12100 2.44946 1064.27 2.89113
12200 2.47352 1059.98 2.89452
12300 2.49777 1056.43 2.899
12400 2.52222 1050.76 2.89979
12500 2.54688 1039.33 2.90448
12600 2.57172 1027.11 2.90968
12700 2.59677 1027.46 2.91185
12800 2.62202 1032.9 2.91579
12900 2.64746 1013.45 2.92204
13000 2.6731 1016.62 2.92673
13100 2.69894 998.543 2.93305
13200 2.72498 988.345 2.93593
13300 2.75121 981.632 2.93985
13400 2.77764 970.409 2.94378
13500 2.80428 959.34 2.94936
13600 2.8311 957.05 2.95609
13700 2.85813 944.285 2.96099
13800 2.88536 938.685 2.96675
13900 2.91278 924.186 2.9731
14000 2.9404 915.238 2.97891
14100 2.96822 907.408 2.98343
14200 2.99624 893.881 2.98823
14300 3.02445 881.311 2.99248
14400 3.05286 869.12 2.9989
14500 3.08147 868.393 3.00269
14600 3.11028 856.714 3.00844
14700 3.13929 850.221 3.01113
14800 3.1685 843.851 3.01606
14900 3.1979 842.138 3.01795
15000 3.2275 841.568 3.02281
15100 3.2573 829.813 3.02819
15200 3.2873 827.179 3.0318
15300 3.31749 804.696 3.03735
15400 3.34788 804.178 3.04216
15500 3.37848 796.288 3.04695
15600 3.40926 791.81 3.05042
15700 3.44025 785.991 3.05477
15800 3.47144 785.867 3.05964
15900 3.50282 775.479 3.06457
16000 3.5344 769.225 3.07041
16100 3.56618 753.34 3.07511
16200 3.59816 746.62 3.08269
16300 3.63033 748.768 3.08911
16400 3.6627 736.917 3.09665
16500 3.69528 713.972 3.10291
16600 3.72804 715.41 3.10722
16700 3.76101 692.007 3.11199
16800 3.79418 709.607 3.11573
16900 3.82754 675.384 3.11899
17000 3.8611 674.79 3.12347
17100 3.89486 657.308 3.12664
17200 3.92882 648.698 3.13176
17300 3.96297 693.09 3.13681
17400 3.99732 662.017 3.13965
17500 4.03187 669.835 3.14426
17600 4.06662 645.167 3.14923
17700 4.10157 669.393 3.15663
17800 4.13672 647.499 3.16161
17900 4.17206 633.774 3.16713
18000 4.2076 619.678 3.17393
18100 4.24334 597.175 3.17753
18200 4.27928 571.38 3.17933
18300 4.31541 525.391 3.18338
18400 4.35174 552.194 3.18733
18500 4.38828 492.554 3.19156
18600 4.425 503.051 3.19673
18700 4.46193 539.428 3.2019
18800 4.49906 472.038 3.20921
18900 4.53638 469.391 3.21573
19000 4.5739 444.649 3.22096
19100 4.61162 511.372 3.22467
19200 4.64954 428.935 3.23029
19300 4.68765 357.199 3.23549
19400 4.72596 294.624 3.2403
19500 4.76448 286.953 3.24629
19600 4.80318 196.624 3.2507
19700 4.84209 155.087 3.25449
19800 4.8812 110.211 3.25716
19900 4.9205 71.9251 3.25855
20000 4.96 7.00761 3.26122
20100 4.9997 -73.227 3.26317
20200 5.0396 -89.1897 3.26579
20300 5.07969 -103.089 3.27015
20400 5.11998 -138.995 3.27104
20500 5.16047 -169.144 3.27497
20600 5.20116 -176.208 3.27557
20700 5.24205 -181.547 3.27524
20800 5.28314 -159.416 3.27616
20900 5.32442 -219.877 3.28058
21000 5.3659 -227.486 3.28379
21100 5.40758 -279.665 3.28401
21200 5.44946 -286.709 3.28729
21300 5.49153 -297.646 3.28852
21400 5.5338 -300.451 3.29244
21500 5.57627 -305.254 3.29502
21600 5.61894 -302.469 3.29619
21700 5.66181 -307.253 3.29804
21800 5.70488 -308.768 3.30046
21900 5.74814 -310.284 3.30052
22000 5.7916 -311.489 3.30071
22100 5.83526 -313.556 3.30181
22200 5.87912 -278.438 3.30698
22300 5.92317 -285.385 3.3119
22400 5.96742 -319.139 3.31578
22500 6.01188 -320.265 3.31803
22600 6.05652 -309.713 3.31816
22700 6.10137 -311.084 3.32271
22800 6.14642 -267.305 3.32596
22900 6.19166 -318.412 3.32651
23000 6.2371 -323.719 3.32871
23100 6.28274 -325.839 3.32954
23200 6.32858 -275.877 3.3311
23300 6.37461 -279.43 3.33399
23400 6.42084 -268.005 3.33974
23500 6.46727 -181.294 3.3436
23600 6.5139 -316.973 3.3463
23700 6.56073 -320.597 3.3475
23800 6.60776 -321.896 3.34829
23900 6.65498 -323.22 3.35088
24000 6.7024 -327.773 3.35721
24100 6.75002 -148.797 3.35934
24200 6.79784 -175.851 3.36235
24300 6.84585 -187.34 3.36216
24400 6.89406 -259.322 3.3633
24500 6.94247 -315.278 3.36628
24600 6.99108 -267.934 3.36732
24700 7.03989 -280.435 3.37128
24800 7.0889 -285.227 3.37398
24900 7.1381 -297.725 3.3765
25000 7.1875 -302.013 3.37757
25100 7.2371 -305.302 3.37641
25200 7.2869 -316.75 3.37792
25300 7.33689 -317.419 3.38019
25400 7.38708 -322.805 3.38214
25500 7.43748 -324.019 3.38696
25600 7.48806 -316.792 3.38845
25700 7.53885 -222.504 3.38818
25800 7.58984 -297.701 3.3907
25900 7.64102 -209.288 3.39102
26000 7.6924 -268.961 3.39445
26100 7.74398 -301.684 3.39886
26200 7.79576 -307.514 3.40153
26300 7.84773 -312.414 3.40234
26400 7.8999 -320.726 3.40362
26500 7.95228 -165.048 3.40489
26600 8.00484 -112.454 3.41182
26700 8.05761 -145.813 3.41927
26800 8.11058 -239.848 3.41982
26900 8.16374 -203.329 3.42095
27000 8.2171 -279.034 3.42237
27100 8.27066 -307.322 3.42377
27200 8.32442 -309.47 3.42629
27300 8.37837 -176.59 3.42831
27400 8.43252 -222.329 3.42921
27500 8.48688 -285.812 3.43115
27600 8.54142 -358.856 3.43686
27700 8.59617 -317.74 3.43774
27800 8.65112 -355.531 3.44023
27900 8.70626 -367.981 3.44342
28000 8.7616 -354.623 3.44657
28100 8.81714 -359.846 3.4459
28200 8.87288 -369.864 3.44757
28300 8.92881 -372.319 3.44749
28400 8.98494 -373.215 3.44582
28500 9.04127 -373.518 3.44941
28600 9.0978 -373.717 3.45157
28700 9.15453 -351.024 3.45264
28800 9.21146 -282.475 3.45807
28900 9.26858 -322.837 3.46228
29000 9.3259 -372.551 3.46663
29100 9.38342 -375.151 3.46779
29200 9.44114 -368.662 3.46742
29300 9.49905 -367.107 3.46893
29400 9.55716 -376.208 3.46745
29500 9.61547 -361.804 3.46881
29600 9.67398 -366.088 3.47197
29700 9.73269 -375.034 3.47486
29800 9.7916 -375.974 3.47535
29900 9.8507 -378.375 3.47536
30000 9.91 -379.536 3.47755
30100 9.9695 -375.162 3.47923
30200 10.0292 -377.501 3.47974
30300 10.0891 -377.482 3.47839
30400 10.1492 -376.672 3.47681
30500 10.2095 -348.971 3.47771
30600 10.27 -376.312 3.47891
30700 10.3307 -377.338 3.48031
30800 10.3915 -235.187 3.48119
30900 10.4526 -321.362 3.48439
31000 10.5139 -340.004 3.48534
31100 10.5754 -346.617 3.48441
31200 10.6371 -364.303 3.48005
31300 10.6989 -372.199 3.48218
31400 10.761 -322.555 3.48352
31500 10.8233 -368.587 3.48627
31600 10.8857 -371.868 3.48451
31700 10.9484 -374.678 3.48542
31800 11.0113 -367.095 3.48641
31900 11.0743 -370.461 3.48629
32000 11.1376 -373.518 3.48652
32100 11.2011 -375.705 3.48793
32200 11.2647 -375.115 3.49055
32300 11.3286 -376.771 3.49158
32400 11.3926 -377.01 3.49114
32500 11.4569 -374.851 3.49016
32600 11.5213 -376.162 3.48682
32700 11.586 -377.08 3.49085
32800 11.6508 -377.243 3.49111
32900 11.7159 -376.769 3.49118
33000 11.7811 -377.562 3.4925
33100 11.8465 -378.227 3.49338
33200 11.9122 -378.595 3.49606
33300 11.978 -379.348 3.49916
33400 12.044 -379.846 3.50494
33500 12.1103 -379.633 3.50602
33600 12.1767 -379.834 3.50957
33700 12.2433 -379.192 3.50992
33800 12.3102 -355.17 3.50995
33900 12.3772 -378.489 3.50962
34000 12.4444 -378.852 3.5115
34100 12.5118 -379.682 3.50967
34200 12.5794 -361.729 3.50798
34300 12.6473 -343.825 3.5052
34400 12.7153 -349.984 3.51046
34500 12.7835 -352.037 3.51542
34600 12.8519 -356.542 3.51614
34700 12.9205 -250.898 3.5182
34800 12.9893 -289.36 3.51894
34900 13.0583 -338.453 3.52152
35000 13.1275 -355.529 3.52257
35100 13.1969 -368.507 3.52789
35200 13.2665 -369.563 3.52942
35300 13.3363 -371.164 3.52882
35400 13.4063 -371.669 3.53335
35500 13.4765 -312.186 3.53433
35600 13.5469 -339.265 3.53826
35700 13.6175 -289.346 3.539
35800 13.6882 -285.357 3.54251
35900 13.7592 -310.255 3.54452
36000 13.8304 -371.228 3.54527
36100 13.9018 -375.538 3.55016
36200 13.9734 -376.13 3.55313
36300 14.0451 -377.023 3.55536
36400 14.1171 -363.213 3.55758
36500 14.1893 -375.07 3.55618
36600 14.2616 -375.543 3.55491
36700 14.3342 -379.783 3.55402
36800 14.407 -379.965 3.55298
36900 14.4799 -380.194 3.55516
37000 14.5531 -380.755 3.5599
37100 14.6265 -381.258 3.55938
37200 14.7 -381.996 3.56121
37300 14.7738 -310.956 3.56682
37400 14.8477 -380.439 3.56852
37500 14.9219 -306.894 3.57046
37600 14.9962 -357.953 3.57255
37700 15.0708 -359.874 3.574
37800 15.1455 -359.679 3.57506
37900 15.2205 -361.665 3.5758
38000 15.2956 -362.123 3.57817
38100 15.3709 -330.869 3.57978
38200 15.4465 -360.679 3.58145
38300 15.5222 -362.538 3.5839
38400 15.5981 -362.673 3.58736
38500 15.6743 -355.152 3.59141
38600 15.7506 -358.52 3.58745
38700 15.8271 -362.94 3.59039
38800 15.9039 -362.926 3.58825
38900 15.9808 -363.54 3.58847
39000 16.0579 -365.33 3.59003
39100 16.1352 -366.334 3.59506
39200 16.2127 -366.44 3.59816
39300 16.2905 -367.308 3.59732
39400 16.3684 -366.889 3.60089
39500 16.4465 -366.043 3.60174
39600 16.5248 -367.514 3.6049
39700 16.6033 -368.391 3.6053
39800 16.682 -295.146 3.60815
39900 16.7609 -352.099 3.60858
40000 16.84 -365.996 3.60691
40100 16.9193 -370.643 3.6067
40200 16.9988 -372.603 3.60822
40300 17.0785 -373.39 3.60894
40400 17.1584 -366.354 3.61063
40500 17.2385 -368.857 3.60964
40600 17.3188 -371.367 3.61293
40700 17.3993 -372.497 3.61168
40800 17.4799 -372.593 3.61333
40900 17.5608 -371.592 3.6161
41000 17.6419 -373.799 3.61456
41100 17.7232 -374.586 3.61603
41200 17.8047 -374.726 3.61454
41300 17.8863 -369.276 3.61227
41400 17.9682 -372.649 3.61409
41500 18.0503 -373.647 3.61267
41600 18.1325 -373.942 3.61382
41700 18.215 -373.846 3.6174
41800 18.2977 -375.942 3.61716
41900 18.3805 -376.446 3.62245
42000 18.4636 -376.831 3.62141
42100 18.5469 -377.289 3.62248
42200 18.6303 -378.346 3.62808
42300 18.714 -378.753 3.62863
42400 18.7978 -378.267 3.63257
42500 18.8819 -378.439 3.63618
42600 18.9661 -378.434 3.63677
42700 19.0506 -379.362 3.64062
42800 19.1352 -379.003 3.64345
42900 19.2201 -380.616 3.6433
43000 19.3051 -380.91 3.64482
43100 19.3903 -381.931 3.64515
43200 19.4758 -378.945 3.64556
43300 19.5614 -380.178 3.64459
43400 19.6472 -380.374 3.64802
43500 19.7333 -330.495 3.65108
43600 19.8195 -373.188 3.65054
43700 19.9059 -375.286 3.65283
43800 19.9926 -376.851 3.65392
43900 20.0794 -377.936 3.65319
44000 20.1664 -378.553 3.65272
44100 20.2536 -378.516 3.65274
44200 20.341 -376.461 3.65003
44300 20.4287 -376.824 3.65425
44400 20.5165 -377.888 3.65726
44500 20.6045 -378.185 3.65998
44600 20.6927 -378.17 3.66037
44700 20.7811 -378.252 3.66283
44800 20.8697 -379.024 3.66318
44900 20.9585 -378.415 3.6672
45000 21.0475 -379.004 3.66384
45100 21.1367 -379.287 3.66378
45200 21.2261 -379.509 3.66753
45300 21.3157 -379.653 3.66958
45400 21.4055 -379.431 3.67043
45500 21.4955 -379.532 3.66838
45600 21.5857 -378.99 3.66758
45700 21.6761 -379.663 3.67125
45800 21.7666 -379.425 3.67213
45900 21.8574 -379.846 3.67269
46000 21.9484 -379.825 3.67149
46100 22.0396 -380.145 3.67207
46200 22.131 -380.209 3.67064
46300 22.2225 -380.621 3.6692
46400 22.3143 -382.989 3.67141
46500 22.4063 -382.827 3.66767
46600 22.4984 -382.768 3.66821
46700 22.5908 -379.281 3.66987
46800 22.6834 -379.371 3.66972
46900 22.7761 -379.543 3.67219
47000 22.8691 -380.69 3.67492
47100 22.9623 -380.314 3.67519
47200 23.0556 -383.19 3.67831
47300 23.1492 -385.035 3.67762
47400 23.2429 -384.694 3.6746
47500 23.3369 -367.69 3.67724
47600 23.431 -375.881 3.67968
47700 23.5254 -373.357 3.67737
47800 23.6199 -380.295 3.68055
47900 23.7147 -382.518 3.68232
48000 23.8096 -384.078 3.68542
48100 23.9047 -385.884 3.6847
48200 24.0001 -386.87 3.68702
48300 24.0956 -381.995 3.68645
48400 24.1913 -387.336 3.68383
48500 24.2873 -389.346 3.68203
48600 24.3834 -390.299 3.68121
48700 24.4797 -390.64 3.68198
48800 24.5763 -383.866 3.68136
48900 24.673 -386.968 3.67812
49000 24.7699 -387.552 3.67457
49100 24.867 -387.892 3.67347
49200 24.9643 -389.16 3.6725
49300 25.0619 -389.515 3.6745
49400 25.1596 -390.297 3.67694
49500 25.2575 -390.586 3.67751
49600 25.3556 -390.929 3.67929
49700 25.4539 -391.029 3.6812
49800 25.5524 -391.09 3.68222
49900 25.6511 -391.582 3.68511
50000 25.75 -304.794 3.68481
50100 25.8491 -382.422 3.69126
50200 25.9484 -388.779 3.69032
50300 26.0479 -389.702 3.68951
50400 26.1476 -390.841 3.6901
50500 26.2475 -388.559 3.69366
50600 26.3476 -390.536 3.6922
50700 26.4479 -391.073 3.69121
50800 26.5483 -389.327 3.68816
50900 26.649 -377.003 3.68593
51000 26.7499 -389.551 3.68839
51100 26.851 -389.21 3.68683
51200 26.9523 -390.296 3.68856
51300 27.0537 -390.974 3.69166
51400 27.1554 -391.251 3.69285
51500 27.2573 -391.488 3.69102
51600 27.3593 -391.439 3.68898
51700 27.4616 -391.686 3.68903
51800 27.5641 -392.073 3.69054
51900 27.6667 -391.927 3.69134
52000 27.7696 -296.756 3.69243
52100 27.8727 -387.296 3.69575
52200 27.9759 -390.251 3.69545
52300 28.0794 -391.089 3.69196
52400 28.183 -391.304 3.69361
52500 28.2869 -391.562 3.69239
52600 28.3909 -388.17 3.69541
52700 28.4952 -390.41 3.69792
52800 28.5996 -390.838 3.69842
52900 28.7043 -391.152 3.70077
53000 28.8091 -391.207 3.70158
53100 28.9141 -391.403 3.70202
53200 29.0194 -391.807 3.7041
53300 29.1248 -391.81 3.70653
53400 29.2304 -387.972 3.71085
53500 29.3363 -391.113 3.71284
53600 29.4423 -391.106 3.71659
53700 29.5485 -391.459 3.71538
53800 29.655 -391.673 3.71756
53900 29.7616 -391.705 3.72015
54000 29.8684 -391.741 3.71911
54100 29.9754 -391.19 3.71828
54200 30.0826 -391.244 3.71968
54300 30.1901 -391.864 3.71673
54400 30.2977 -391.536 3.71722
54500 30.4055 -389.869 3.71799
54600 30.5135 -388.846 3.72177
54700 30.6217 -390.364 3.72126
54800 30.7301 -389.799 3.72202
54900 30.8387 -355.415 3.72203
55000 30.9475 -380.251 3.72245
55100 31.0565 -390.209 3.72269
55200 31.1657 -390.49 3.72054
55300 31.2751 -390.326 3.72147
55400 31.3847 -373.973 3.72201
55500 31.4945 -374.376 3.72239
55600 31.6045 -385.355 3.72542
55700 31.7147 -387.159 3.72784
55800 31.825 -389.22 3.73113
55900 31.9356 -390.134 3.73187
56000 32.0464 -390.718 3.73258
56100 32.1574 -390.981 3.73039
56200 32.2686 -391.237 3.72957
56300 32.3799 -391.46 3.73079
56400 32.4915 -356.435 3.73283
56500 32.6033 -381.659 3.73528
56600 32.7152 -351.489 3.73502
56700 32.8274 -378.55 3.73326
56800 32.9398 -380.327 3.73245
56900 33.0523 -384.442 3.7341
57000 33.1651 -386.485 3.73729
57100 33.2781 -386.76 3.73853
57200 33.3912 -387.106 3.74276
57300 33.5046 -387.566 3.74235
57400 33.6181 -387.63 3.74548
57500 33.7319 -387.756 3.74445
57600 33.8458 -387.503 3.74706
57700 33.96 -383.838 3.75011
57800 34.0743 -387.97 3.74519
57900 34.1889 -388.405 3.74773
58000 34.3036 -389.023 3.74784
58100 34.4185 -388.794 3.75154
58200 34.5337 -389.257 3.75037
58300 34.649 -389.338 3.75453
58400 34.7645 -389.414 3.75866
58500 34.8803 -389.237 3.75801
58600 34.9962 -389.643 3.75984
58700 35.1123 -270.501 3.76233
58800 35.2287 -297.759 3.76662
58900 35.3452 -287.279 3.77195
59000 35.4619 -333.285 3.77292
59100 35.5788 -361.073 3.77613
59200 35.6959 -365.809 3.77505
59300 35.8133 -368.379 3.7754
59400 35.9308 -369.12 3.77871
59500 36.0485 -370.002 3.78
59600 36.1664 -370.887 3.78452
59700 36.2845 -371.969 3.78239
59800 36.4028 -372.293 3.78431
59900 36.5213 -372.21 3.78459
60000 36.64 -376.902 3.78765
60100 36.7589 -371.826 3.78875
60200 36.878 -332.738 3.79043
60300 36.9973 -361.211 3.79438
60400 37.1168 -366.739 3.79275
60500 37.2365 -367.552 3.79005
60600 37.3564 -367.982 3.79093
60700 37.4765 -357.573 3.79232
60800 37.5967 -359.329 3.79557
60900 37.7172 -370.723 3.79628
61000 37.8379 -376.012 3.79391
61100 37.9588 -365.778 3.79338
61200 38.0799 -372.219 3.79752
61300 38.2011 -378.004 3.79862
61400 38.3226 -379.079 3.79776
61500 38.4443 -379.493 3.79873
61600 38.5661 -379.514 3.80324
61700 38.6882 -379.949 3.80518
61800 38.8105 -379.756 3.80619
61900 38.9329 -380.799 3.80828
62000 39.0556 -380.992 3.81146
62100 39.1785 -380.778 3.81195
62200 39.3015 -380.467 3.81069
62300 39.4248 -381.211 3.81203
62400 39.5482 -381.947 3.81474
62500 39.6719 -382.162 3.81678
62600 39.7957 -382.162 3.81638
62700 39.9198 -382.414 3.81542
62800 40.044 -382.374 3.81875
62900 40.1685 -382.314 3.8193
63000 40.2931 -382.489 3.82232
63100 40.4179 -382.828 3.82258
63200 40.543 -382.733 3.82378
63300 40.6682 -382.813 3.82679
63400 40.7936 -382.696 3.82615
63500 40.9193 -382.734 3.83213
63600 41.0451 -383.042 3.8343
63700 41.1711 -383.31 3.83462
63800 41.2974 -383.395 3.83533
63900 41.4238 -383.284 3.83539
64000 41.5504 -383.316 3.83582
64100 41.6772 -383.411 3.83955
64200 41.8042 -383.491 3.84121
64300 41.9315 -383.434 3.84188
64400 42.0589 -383.737 3.84132
64500 42.1865 -383.619 3.84498
64600 42.3143 -383.704 3.84678
64700 42.4423 -383.723 3.84407
64800 42.5705 -383.664 3.84701
64900 42.6989 -383.726 3.84915
65000 42.8275 -378.11 3.84981
65100 42.9563 -374.631 3.84972
65200 43.0853 -378.262 3.85372
65300 43.2145 -379.477 3.85894
65400 43.3439 -380.57 3.86189
65500 43.4735 -380.687 3.8651
65600 43.6033 -381.625 3.86726
65700 43.7333 -382.089 3.86728
65800 43.8634 -382.152 3.86491
65900 43.9938 -382.354 3.8653
66000 44.1244 -382.615 3.86345
66100 44.2552 -382.628 3.86729
66200 44.3862 -382.879 3.86821
66300 44.5173 -359.155 3.87187
66400 44.6487 -369.741 3.8741
66500 44.7803 -374.897 3.87305
66600 44.912 -378.583 3.87427
66700 45.044 -379.719 3.87627
66800 45.1762 -381.162 3.87791
66900 45.3085 -382.057 3.8771
67000 45.4411 -366.792 3.88175
67100 45.5739 -372.66 3.88409
67200 45.7068 -373.693 3.88535
67300 45.84 -379.02 3.89056
67400 45.9733 -380.44 3.89163
67500 46.1069 -380.832 3.89477
67600 46.2406 -381.988 3.89525
67700 46.3746 -382.351 3.893
67800 46.5087 -382.767 3.8927
67900 46.6431 -382.563 3.89315
68000 46.7776 -383.033 3.89644
68100 46.9123 -382.42 3.89368
68200 47.0473 -382.611 3.89202
68300 47.1824 -383.526 3.88835
68400 47.3177 -383.528 3.88526
68500 47.4533 -383.934 3.88671
68600 47.589 -384.724 3.88748
68700 47.7249 -375.226 3.88457
68800 47.8611 -384.826 3.88208
68900 47.9974 -385.584 3.88497
69000 48.1339 -385.789 3.88892
69100 48.2706 -386.76 3.88974
69200 48.4075 -387.015 3.89209
69300 48.5447 -387.044 3.89674
69400 48.682 -387.125 3.89892
69500 48.8195 -341.632 3.90301
69600 48.9572 -381.867 3.90275
69700 49.0951 -383.16 3.90264
69800 49.2332 -383.471 3.90172
69900 49.3715 -383.924 3.90098
70000 49.51 -384.188 3.90329
70100 49.6487 -384.248 3.90292
70200 49.7876 -384.65 3.90638
70300 49.9267 -384.806 3.90713
70400 50.066 -385.133 3.90895
70500 50.2055 -385.308 3.90879
70600 50.3452 -385.64 3.90949
70700 50.4851 -385.719 3.91054
70800 50.6251 -385.781 3.91271
70900 50.7654 -385.936 3.9111
71000 50.9059 -385.803 3.91065
71100 51.0466 -385.837 3.91413
71200 51.1875 -385.756 3.91588
71300 51.3285 -385.972 3.91388
71400 51.4698 -385.94 3.91479
71500 51.6113 -386.06 3.91628
71600 51.7529 -386.286 3.9148
71700 51.8948 -386.234 3.91701
71800 52.0369 -386.21 3.91821
71900 52.1791 -386.307 3.921
72000 52.3216 -383.792 3.91958
72100 52.4643 -385.719 3.91754
72200 52.6071 -386.115 3.91611
72300 52.7502 -385.679 3.91644
72400 52.8934 -385.912 3.91574
72500 53.0369 -385.899 3.91465
72600 53.1805 -386.298 3.91503
72700 53.3244 -386.236 3.91537
72800 53.4684 -386.305 3.91773
72900 53.6127 -386.588 3.91805
73000 53.7571 -386.671 3.9218
73100 53.9017 -378.585 3.92013
73200 54.0466 -383.58 3.91432
73300 54.1916 -382.747 3.91479
73400 54.3368 -384.707 3.91855
73500 54.4823 -320.796 3.91782
73600 54.6279 -386.268 3.91646
73700 54.7737 -386.267 3.91253
73800 54.9198 -386.303 3.91171
73900 55.066 -386.631 3.90967
74000 55.2124 -386.673 3.90916
74100 55.359 -386.81 3.91031
74200 55.5058 -386.68 3.91007
74300 55.6529 -387.111 3.90973
74400 55.8001 -387.383 3.90922
74500 55.9475 -387.561 3.91102
74600 56.0951 -388.019 3.90673
74700 56.2429 -343.06 3.90818
74800 56.3909 -381.477 3.90495
74900 56.5391 -382.546 3.90154
75000 56.6875 -363.864 3.90052
75100 56.8361 -378.162 3.89934
75200 56.9849 -381.551 3.8975
75300 57.1339 -382.779 3.89531
75400 57.2831 -383.618 3.89502
75500 57.4325 -381.558 3.89301
75600 57.5821 -383.085 3.89228
75700 57.7319 -384.278 3.89254
75800 57.8818 -384.668 3.89313
75900 58.032 -385.695 3.89365
76000 58.1824 -386.595 3.8949
76100 58.333 -386.284 3.89427
76200 58.4838 -386.451 3.89769
76300 58.6347 -329.173 3.90092
76400 58.7859 -362.935 3.90565
76500 58.9373 -381.137 3.90488
76600 59.0888 -383.032 3.9069
76700 59.2406 -384.194 3.90915
76800 59.3926 -385.031 3.91077
76900 59.5447 -386.479 3.91202
77000 59.6971 -372.683 3.91375
77100 59.8497 -379.37 3.91532
77200 60.0024 -380.816 3.91611
77300 60.1554 -381.304 3.91672
77400 60.3085 -382.092 3.91593
77500 60.4619 -382.847 3.91526
77600 60.6154 -372.737 3.9167
77700 60.7692 -374.717 3.92112
77800 60.9231 -381.858 3.92438
77900 61.0773 -382.951 3.92508
78000 61.2316 -384.403 3.92789
78100 61.3861 -385.657 3.9309
78200 61.5409 -386.002 3.92876
78300 61.6958 -386.026 3.92629
78400 61.8509 -386.14 3.92565
78500 62.0063 -345.448 3.92924
78600 62.1618 -359.755 3.93529
78700 62.3175 -366.218 3.9388
78800 62.4735 -373.748 3.93707
78900 62.6296 -374.678 3.93376
79000 62.7859 -375.708 3.93193
79100 62.9424 -377.539 3.93109
79200 63.0991 -378.134 3.92905
79300 63.2561 -378.393 3.93045
79400 63.4132 -379.218 3.9317
79500 63.5705 -380.397 3.92977
79600 63.728 -380.934 3.92795
79700 63.8857 -381.145 3.92734
79800 64.0436 -381.28 3.92731
79900 64.2017 -381.547 3.92489
80000 64.36 -381.8 3.92706
80100 64.5185 -381.979 3.92909
80200 64.6772 -381.335 3.92607
80300 64.8361 -382.856 3.92805
80400 64.9952 -383.216 3.92582
80500 65.1545 -383.297 3.92837
80600 65.314 -378.756 3.92977
80700 65.4737 -382.543 3.93266
80800 65.6335 -383.122 3.93158
80900 65.7936 -382.316 3.93113
81000 65.9539 -300.42 3.93352
81100 66.1144 -382.046 3.93471
81200 66.2751 -382.917 3.93216
81300 66.4359 -298.551 3.93209
81400 66.597 -382.436 3.9333
81500 66.7583 -383.593 3.93388
81600 66.9197 -384.095 3.93201
81700 67.0814 -372.247 3.93443
81800 67.2433 -379.081 3.93911
81900 67.4053 -379.749 3.93953
82000 67.5676 -382.793 3.94039
82100 67.7301 -384.909 3.94095
82200 67.8927 -385.253 3.94194
82300 68.0556 -385.859 3.94525
82400 68.2186 -386.157 3.94535
82500 68.3819 -386.114 3.94721
82600 68.5453 -367.206 3.94567
82700 68.709 -381.045 3.94659
82800 68.8728 -382.427 3.94782
82900 69.0369 -383.907 3.94594
83000 69.2011 -385.201 3.94622
83100 69.3655 -380.005 3.9461
83200 69.5302 -367.863 3.94694
83300 69.695 -376.252 3.95106
83400 69.86 -378.9 3.94965
83500 70.0253 -379.779 3.9485
83600 70.1907 -379.882 3.94675
83700 70.3563 -340.41 3.95165
83800 70.5222 -359.601 3.95399
83900 70.6882 -366.036 3.95575
84000 70.8544 -358.821 3.95642
84100 71.0208 -361.205 3.95973
84200 71.1874 -374.114 3.96013
84300 71.3543 -375.628 3.95726
84400 71.5213 -375.835 3.96204
84500 71.6885 -378.893 3.96019
84600 71.8559 -379.34 3.96225
84700 72.0235 -379.671 3.96191
84800 72.1913 -379.968 3.96501
84900 72.3593 -379.981 3.96838
85000 72.5275 -374.57 3.97233
85100 72.6959 -375.783 3.97517
85200 72.8645 -376.487 3.97142
85300 73.0333 -377.245 3.97051
85400 73.2023 -378.053 3.97307
85500 73.3715 -378.599 3.9724
85600 73.5409 -379.385 3.97497
85700 73.7105 -379.603 3.97533
85800 73.8802 -380.26 3.97434
85900 74.0502 -380.318 3.97474
86000 74.2204 -380.267 3.97293
86100 74.3908 -380.231 3.97752
86200 74.5614 -380.258 3.97967
86300 74.7321 -379.706 3.97888
86400 74.9031 -379.949 3.98394
86500 75.0743 -380.521 3.98027
86600 75.2456 -380.661 3.98083
86700 75.4172 -380.553 3.9838
86800 75.589 -380.612 3.98704
86900 75.7609 -380.75 3.98428
87000 75.9331 -380.777 3.98267
87100 76.1055 -381.03 3.98092
87200 76.278 -381.067 3.97988
87300 76.4508 -381.016 3.98133
87400 76.6237 -380.962 3.98151
87500 76.7969 -370.81 3.97914
87600 76.9702 -379.134 3.97941
87700 77.1438 -379.824 3.98153
87800 77.3175 -380.193 3.98129
87900 77.4915 -380.97 3.97907
88000 77.6656 -381.184 3.97444
88100 77.8399 -381.107 3.97388
88200 78.0145 -381.487 3.97248
88300 78.1892 -381.546 3.97289
88400 78.3641 -381.653 3.97221
88500 78.5393 -381.878 3.97341
88600 78.7146 -381.835 3.97393
88700 78.8901 -381.845 3.97561
88800 79.0659 -381.886 3.97433
88900 79.2418 -381.838 3.97369
89000 79.4179 -381.861 3.97444
89100 79.5942 -381.967 3.97314
89200 79.7707 -382.01 3.97266
89300 79.9475 -382.088 3.97262
89400 80.1244 -382.055 3.97624
89500 80.3015 -382.169 3.97522
89600 80.4788 -382.157 3.97468
89700 80.6563 -382.137 3.97373
89800 80.834 -382.029 3.9722
89900 81.0119 -382.135 3.97218
90000 81.19 -382.147 3.97519
90100 81.3683 -370.609 3.97469
90200 81.5468 -382.122 3.97885
90300 81.7255 -382.279 3.98074
90400 81.9044 -382.475 3.97985
90500 82.0835 -382.448 3.98066
90600 82.2628 -381.705 3.98
90700 82.4423 -382.796 3.98125
90800 82.6219 -378.503 3.98348
90900 82.8018 -345.467 3.98814
91000 82.9819 -366.731 3.9897
91100 83.1622 -371.319 3.98795
91200 83.3427 -373.4 3.98959
91300 83.5233 -375.944 3.9891
91400 83.7042 -376.934 3.98504
91500 83.8853 -380.408 3.9802
91600 84.0665 -380.698 3.97794
91700 84.248 -381.466 3.97845
91800 84.4297 -382.245 3.97822
91900 84.6115 -382.206 3.97772
92000 84.7936 -382.186 3.97655
92100 84.9759 -382.867 3.97839
92200 85.1583 -383.097 3.97979
92300 85.341 -383.161 3.98077
92400 85.5238 -380.533 3.98164
92500 85.7069 -382.051 3.98463
92600 85.8901 -382.639 3.98691
92700 86.0736 -382.929 3.98571
92800 86.2572 -366.635 3.98557
92900 86.4411 -376.939 3.99046
93000 86.6251 -374.191 3.99211
93100 86.8093 -377.717 3.98784
93200 86.9938 -378.709 3.98839
93300 87.1784 -379.64 3.98595
93400 87.3632 -379.776 3.98432
93500 87.5483 -379.942 3.98027
93600 87.7335 -380.741 3.97956
93700 87.9189 -381.587 3.98082
93800 88.1046 -381.34 3.98088
93900 88.2904 -381.541 3.97654
94000 88.4764 -382.381 3.97758
94100 88.6626 -382.747 3.97983
94200 88.849 -382.926 3.97665
94300 89.0357 -383.027 3.97465
94400 89.2225 -384.02 3.97326
94500 89.4095 -383.966 3.97171
94600 89.5967 -384.065 3.96706
94700 89.7841 -384.116 3.96353
94800 89.9717 -384.101 3.96165
94900 90.1595 -384.066 3.95817
95000 90.3475 -384.132 3.96133
95100 90.5357 -384.15 3.95809
95200 90.7241 -384.238 3.9574
95300 90.9127 -383.708 3.96193
95400 91.1015 -378.144 3.95969
95500 91.2905 -384.502 3.96031
95600 91.4797 -385.438 3.96023
95700 91.6691 -385.658 3.95847
95800 91.8586 -384.825 3.96086
95900 92.0484 -385.858 3.95603
96000 92.2384 -386.513 3.95722
96100 92.4286 -386.754 3.95998
96200 92.619 -386.925 3.96458
96300 92.8095 -386.979 3.96331
96400 93.0003 -379.018 3.96153
96500 93.1913 -386.097 3.9586
96600 93.3824 -386.693 3.95691
96700 93.5738 -386.781 3.96025
96800 93.7654 -386.823 3.95884
96900 93.9571 -386.903 3.95464
97000 94.1491 -387.203 3.95453
97100 94.3413 -387.217 3.95792
97200 94.5336 -387.651 3.95654
97300 94.7262 -387.78 3.957
97400 94.9189 -387.958 3.95456
97500 95.1119 -386.581 3.95684
97600 95.305 -382.382 3.9547
97700 95.4984 -386.451 3.9533
97800 95.6919 -387.323 3.95284
97900 95.8857 -387.612 3.95439
98000 96.0796 -382.723 3.95303
98100 96.2737 -385.271 3.95094
98200 96.4681 -381.731 3.94825
98300 96.6626 -381.684 3.95212
98400 96.8573 -387.91 3.95179
98500 97.0523 -388.443 3.95217
98600 97.2474 -388.539 3.94883
98700 97.4427 -388.609 3.94635
98800 97.6383 -388.838 3.94828
98900 97.834 -389.377 3.94459
99000 98.0299 -389.425 3.94691
99100 98.226 -389.304 3.95001
99200 98.4223 -389.243 3.95168
99300 98.6189 -389.25 3.95139
99400 98.8156 -389.3 3.95662
99500 99.0125 -389.311 3.96059
99600 99.2096 -337.137 3.96395
99700 99.4069 -347.788 3.97259
99800 99.6044 -366.45 3.98389
99900 99.8021 -368.5 3.99139
100000 100 -370.554 3.99409
