100 1.0001 2201.1 2.50195
200 1.0004 2080.04 2.50333
300 1.00089 2042.85 2.5068
400 1.00158 2025.15 2.50858
500 1.00248 2019.63 2.51248
600 1.00356 2015.71 2.51419
700 1.00485 1990.54 2.51583
800 1.00634 1994.97 2.51876
900 1.00802 1966.83 2.52223
1000 1.0099 1959.83 2.52445
1100 1.01198 1954.39 2.52635
1200 1.01426 1952.42 2.52997
1300 1.01673 1935.2 2.53136
1400 1.0194 1909.71 2.53451
1500 1.02228 1927.24 2.5361
1600 1.02534 1914.08 2.53787
1700 1.02861 1908.96 2.54145
1800 1.03208 1905.49 2.54417
1900 1.03574 1867.26 2.54786
2000 1.0396 1883.15 2.55101
2100 1.04366 1880.59 2.5513
2200 1.04792 1855.26 2.5539
2300 1.05237 1865.04 2.55431
2400 1.05702 1846.73 2.55542
2500 1.06188 1840.83 2.55737
2600 1.06692 1833.13 2.55937
2700 1.07217 1824.14 2.56173
2800 1.07762 1825.03 2.56329
2900 1.08326 1811.87 2.5667
3000 1.0891 1811.4 2.56827
3100 1.09514 1813.4 2.57077
3200 1.10138 1784.42 2.57481
3300 1.10781 1783.46 2.57889
3400 1.11444 1772.89 2.58169
3500 1.12128 1770.82 2.58275
3600 1.1283 1758.58 2.58467
3700 1.13553 1779.66 2.58565
3800 1.14296 1763.43 2.59041
3900 1.15058 1735.46 2.59462
4000 1.1584 1749.36 2.59493
4100 1.16642 1737.64 2.597
4200 1.17464 1731.76 2.60079
4300 1.18305 1728.4 2.60305
4400 1.19166 1727.38 2.60535
4500 1.20047 1721.63 2.60788
4600 1.20948 1679.1 2.61083
4700 1.21869 1681.85 2.61501
4800 1.2281 1660.32 2.62038
4900 1.2377 1656.12 2.62515
5000 1.2475 1629.82 2.6291
5100 1.2575 1623.32 2.63477
5200 1.2677 1620.81 2.63635
5300 1.27809 1621.77 2.63807
5400 1.28868 1607.42 2.63938
5500 1.29947 1600.06 2.63985
5600 1.31046 1600.32 2.64249
5700 1.32165 1588.85 2.64793
5800 1.33304 1568.96 2.65292
5900 1.34462 1573.56 2.65732
6000 1.3564 1563.54 2.66065
6100 1.36838 1548.9 2.66323
6200 1.38056 1541.31 2.66457
6300 1.39293 1530.88 2.66643
6400 1.4055 1532.2 2.66717
6500 1.41827 1534.44 2.66893
6600 1.43124 1535.07 2.67169
6700 1.44441 1503.07 2.67436
6800 1.45778 1502.49 2.67888
6900 1.47134 1494.61 2.68167
7000 1.4851 1475.09 2.6851
7100 1.49906 1489.77 2.68795
7200 1.51322 1482.49 2.69144
7300 1.52757 1476.7 2.69393
7400 1.54212 1459.13 2.69807
7500 1.55688 1463.29 2.70056
7600 1.57182 1455.58 2.7029
7700 1.58697 1434.32 2.70775
7800 1.60232 1423.61 2.70932
7900 1.61786 1408.18 2.71108
8000 1.6336 1412.72 2.71491
8100 1.64954 1395.7 2.71906
8200 1.66568 1395.31 2.72273
8300 1.68201 1390.96 2.72745
8400 1.69854 1379.22 2.73203
8500 1.71528 1369.86 2.7335
8600 1.7322 1382.05 2.73615
8700 1.74933 1387.65 2.74006
8800 1.76666 1357.76 2.74316
8900 1.78418 1347.53 2.74731
9000 1.8019 1361.74 2.74831
9100 1.81982 1338.81 2.74985
9200 1.83794 1325.23 2.75629
9300 1.85625 1329.33 2.75748
9400 1.87476 1327.04 2.76139
9500 1.89348 1324.42 2.76377
9600 1.91238 1302.1 2.76844
9700 1.93149 1305.71 2.77281
9800 1.9508 1284.08 2.77734
9900 1.9703 1291.24 2.78136
10000 1.99 1274.12 2.78316
10100 2.0099 1274.67 2.78611
10200 2.03 1254.22 2.78852
10300 2.05029 1252.47 2.79283
10400 2.07078 1254.66 2.79853
10500 2.09147 1240.04 2.80285
10600 2.11236 1237.85 2.8072
10700 2.13345 1209.2 2.80969
10800 2.15474 1204.59 2.81298
10900 2.17622 1213.81 2.81724
11000 2.1979 1176.03 2.82289
11100 2.21978 1173.95 2.82678
11200 2.24186 1169.61 2.82964
11300 2.26413 1177.37 2.83071
11400 2.2866 1188.19 2.83302
11500 2.30927 1162.36 2.83696
11600 2.33214 1154.86 2.84048
11700 2.35521 1145.5 2.84447
11800 2.37848 1144.8 2.8492
11900 2.40194 1137.1 2.85186
12000 2.4256 1127.18 2.85389
12100 2.44946 1123.87 2.85878
12200 2.47352 1114.47 2.86191
12300 2.49777 1108.26 2.86501
12400 2.52222 1097.35 2.86905
12500 2.54688 1099.57 2.87221
12600 2.57172 1089.77 2.8768
12700 2.59677 1079.8 2.88346
12800 2.62202 1060.59 2.88838
12900 2.64746 1047.6 2.8926
13000 2.6731 1050.26 2.89799
13100 2.69894 1045.68 2.90033
13200 2.72498 1036.97 2.90463
13300 2.75121 1028.46 2.90898
13400 2.77764 1024.77 2.91326
13500 2.80428 1009.24 2.91598
13600 2.8311 1004.89 2.92101
13700 2.85813 991.361 2.92532
13800 2.88536 990.353 2.92872
13900 2.91278 971.409 2.93504
14000 2.9404 966.603 2.93999
14100 2.96822 961.81 2.94449
14200 2.99624 952.339 2.94956
14300 3.02445 948.649 2.95521
14400 3.05286 935.97 2.96004
14500 3.08147 929.474 2.96627
14600 3.11028 915.273 2.9709
14700 3.13929 902.618 2.97467
14800 3.1685 905.219 2.97882
14900 3.1979 899.912 2.98236
15000 3.2275 890.392 2.98579
15100 3.2573 874.85 2.99027
15200 3.2873 860.31 2.9959
15300 3.31749 873.65 2.99966
15400 3.34788 849.77 3.0024
15500 3.37848 843.938 3.00779
15600 3.40926 838.499 3.01213
15700 3.44025 844.713 3.0168
15800 3.47144 830.088 3.01933
15900 3.50282 819.327 3.02389
16000 3.5344 817.71 3.02757
16100 3.56618 803.374 3.03093
16200 3.59816 790.461 3.03779
16300 3.63033 802.68 3.04305
16400 3.6627 790.1 3.0494
16500 3.69528 792.261 3.05487
16600 3.72804 770.216 3.06114
16700 3.76101 767.848 3.06594
16800 3.79418 738.299 3.07006
16900 3.82754 747.818 3.0751
17000 3.8611 744.802 3.08094
17100 3.89486 745.402 3.0851
17200 3.92882 733.416 3.09156
17300 3.96297 710.468 3.09534
17400 3.99732 725.17 3.10022
17500 4.03187 705.626 3.10338
17600 4.06662 703.886 3.10722
17700 4.10157 663.424 3.11205
17800 4.13672 689.473 3.11904
17900 4.17206 691.423 3.1232
18000 4.2076 678.242 3.12799
18100 4.24334 674.932 3.1345
18200 4.27928 675.712 3.13923
18300 4.31541 670.407 3.14326
18400 4.35174 659.467 3.14687
18500 4.38828 646.96 3.15369
18600 4.425 618.553 3.15988
18700 4.46193 633.13 3.16584
18800 4.49906 619.5 3.17212
18900 4.53638 610.484 3.17862
19000 4.5739 609.44 3.18345
19100 4.61162 604.437 3.18933
19200 4.64954 582.284 3.19676
19300 4.68765 570.958 3.20359
19400 4.72596 574.208 3.20827
19500 4.76448 545.039 3.21296
19600 4.80318 518.42 3.21814
19700 4.84209 551.361 3.22107
19800 4.8812 558.731 3.22647
19900 4.9205 538.876 3.23328
20000 4.96 484.228 3.23626
20100 4.9997 503.813 3.24113
20200 5.0396 535.253 3.24488
20300 5.07969 526.639 3.24833
20400 5.11998 503.617 3.25222
20500 5.16047 415.224 3.25732
20600 5.20116 383.082 3.26174
20700 5.24205 419.788 3.26776
20800 5.28314 339.256 3.27561
20900 5.32442 337.233 3.28166
21000 5.3659 130.825 3.28673
21100 5.40758 123.506 3.29079
21200 5.44946 104.802 3.29254
21300 5.49153 155.764 3.29639
21400 5.5338 -117.465 3.29653
21500 5.57627 -77.9954 3.29892
21600 5.61894 -15.1271 3.30407
21700 5.66181 -174.558 3.3061
21800 5.70488 -123.345 3.30737
21900 5.74814 -222.281 3.31237
22000 5.7916 -254.141 3.31701
22100 5.83526 -198.67 3.32064
22200 5.87912 -253.921 3.32355
22300 5.92317 -321.338 3.32556
22400 5.96742 -321.453 3.32835
22500 6.01188 -330.051 3.33017
22600 6.05652 -344.399 3.3327
22700 6.10137 -343.881 3.33166
22800 6.14642 -343.251 3.33484
22900 6.19166 -346.191 3.33629
23000 6.2371 -349.149 3.33889
23100 6.28274 -364.278 3.34271
23200 6.32858 -372.98 3.34476
23300 6.37461 -346.313 3.34665
23400 6.42084 -364.472 3.34788
23500 6.46727 -369.995 3.34813
23600 6.5139 -354.761 3.34932
23700 6.56073 -355.566 3.35162
23800 6.60776 -365.182 3.35727
23900 6.65498 -364.585 3.35833
24000 6.7024 -365.592 3.359
24100 6.75002 -365.655 3.35884
24200 6.79784 -329.922 3.3595
24300 6.84585 -334.359 3.36151
24400 6.89406 -337.336 3.36238
24500 6.94247 -363.654 3.36364
24600 6.99108 -362.49 3.36674
24700 7.03989 -355.808 3.3693
24800 7.0889 -375.788 3.37049
24900 7.1381 -378.773 3.3706
25000 7.1875 -378.22 3.37347
25100 7.2371 -377.448 3.3738
25200 7.2869 -379.133 3.376
25300 7.33689 -340.243 3.37448
25400 7.38708 -376.111 3.37591
25500 7.43748 -379.677 3.37791
25600 7.48806 -380.576 3.37647
25700 7.53885 -380.12 3.37651
25800 7.58984 -380.593 3.37802
25900 7.64102 -379.239 3.3805
26000 7.6924 -380.198 3.38235
26100 7.74398 -381.705 3.38281
26200 7.79576 -381.264 3.38478
26300 7.84773 -381.551 3.38749
26400 7.8999 -379.937 3.38981
26500 7.95228 -381.406 3.39461
26600 8.00484 -382.006 3.39237
26700 8.05761 -382.49 3.39571
26800 8.11058 -366.335 3.39672
26900 8.16374 -368.185 3.39727
27000 8.2171 -378.121 3.40199
27100 8.27066 -376.747 3.40241
27200 8.32442 -379.901 3.40382
27300 8.37837 -369.113 3.40507
27400 8.43252 -369.896 3.40563
27500 8.48688 -383.775 3.40583
27600 8.54142 -383.291 3.40879
27700 8.59617 -383.716 3.40943
27800 8.65112 -384.06 3.4131
27900 8.70626 -383.967 3.41441
28000 8.7616 -363.701 3.41363
28100 8.81714 -383.663 3.41572
28200 8.87288 -383.783 3.41866
28300 8.92881 -368.195 3.41717
28400 8.98494 -371.32 3.41933
28500 9.04127 -373.892 3.42083
28600 9.0978 -374.801 3.42379
28700 9.15453 -381.758 3.42754
28800 9.21146 -382.77 3.42887
28900 9.26858 -384.665 3.43038
29000 9.3259 -385.154 3.43437
29100 9.38342 -385.66 3.43459
29200 9.44114 -386.255 3.43814
29300 9.49905 -386.511 3.4424
29400 9.55716 -387.46 3.44436
29500 9.61547 -387.304 3.44347
29600 9.67398 -386.405 3.44841
29700 9.73269 -385.957 3.44803
29800 9.7916 -385.115 3.45019
29900 9.8507 -386.537 3.45195
30000 9.91 -386.612 3.4521
30100 9.9695 -386.374 3.45456
30200 10.0292 -385.018 3.45957
30300 10.0891 -387.44 3.457
30400 10.1492 -387.295 3.45999
30500 10.2095 -388.615 3.4601
30600 10.27 -387.424 3.46213
30700 10.3307 -387 3.4612
30800 10.3915 -375.452 3.46358
30900 10.4526 -369.105 3.46676
31000 10.5139 -378.492 3.4703
31100 10.5754 -382.726 3.4731
31200 10.6371 -386.846 3.47116
31300 10.6989 -386.776 3.47439
31400 10.761 -385.662 3.47484
31500 10.8233 -384.775 3.47843
31600 10.8857 -380.647 3.479
31700 10.9484 -369.904 3.48064
31800 11.0113 -384 3.48172
31900 11.0743 -385.301 3.48313
32000 11.1376 -387.231 3.48309
32100 11.2011 -387.418 3.48357
32200 11.2647 -386.79 3.48172
32300 11.3286 -386.334 3.48175
32400 11.3926 -391.088 3.48346
32500 11.4569 -390.518 3.48298
32600 11.5213 -391.495 3.48457
32700 11.586 -391.266 3.48779
32800 11.6508 -391.694 3.48882
32900 11.7159 -392.365 3.48843
33000 11.7811 -391.895 3.4908
33100 11.8465 -392.647 3.48864
33200 11.9122 -392.134 3.48733
33300 11.978 -392.268 3.48729
33400 12.044 -392.145 3.49033
33500 12.1103 -391.367 3.48878
33600 12.1767 -392.01 3.4896
33700 12.2433 -391.635 3.48703
33800 12.3102 -391.18 3.49211
33900 12.3772 -390.602 3.49383
34000 12.4444 -392.487 3.49365
34100 12.5118 -392.57 3.49817
34200 12.5794 -393.048 3.50161
34300 12.6473 -393.278 3.50514
34400 12.7153 -392.494 3.50472
34500 12.7835 -392.87 3.50277
34600 12.8519 -391.75 3.50768
34700 12.9205 -392.413 3.50643
34800 12.9893 -392.866 3.50505
34900 13.0583 -393.014 3.50688
35000 13.1275 -392.879 3.50697
35100 13.1969 -393.852 3.50763
35200 13.2665 -392.842 3.51033
35300 13.3363 -394.297 3.51371
35400 13.4063 -393.879 3.51568
35500 13.4765 -393.078 3.5221
35600 13.5469 -393.759 3.52197
35700 13.6175 -393.352 3.52633
35800 13.6882 -393.171 3.52675
35900 13.7592 -394.067 3.5301
36000 13.8304 -393.973 3.53005
36100 13.9018 -394.629 3.52806
36200 13.9734 -394.647 3.5302
36300 14.0451 -393.913 3.5285
36400 14.1171 -394.205 3.52872
36500 14.1893 -394.111 3.52695
36600 14.2616 -393.413 3.52659
36700 14.3342 -390.914 3.52772
36800 14.407 -393.127 3.52297
36900 14.4799 -393.862 3.52537
37000 14.5531 -394.648 3.52709
37100 14.6265 -393.73 3.52969
37200 14.7 -395.023 3.52864
37300 14.7738 -394.389 3.53406
37400 14.8477 -393.471 3.53299
37500 14.9219 -395.446 3.53599
37600 14.9962 -395.29 3.54028
37700 15.0708 -395.506 3.54356
37800 15.1455 -395.208 3.54269
37900 15.2205 -396.326 3.54017
38000 15.2956 -394.567 3.54111
38100 15.3709 -395.519 3.54386
38200 15.4465 -394.988 3.54504
38300 15.5222 -395.234 3.55057
38400 15.5981 -395.3 3.55082
38500 15.6743 -394.484 3.54959
38600 15.7506 -393.259 3.54848
38700 15.8271 -394.598 3.5485
38800 15.9039 -395.349 3.54893
38900 15.9808 -395.667 3.55063
39000 16.0579 -395.423 3.54982
39100 16.1352 -395.114 3.54658
39200 16.2127 -395.658 3.54831
39300 16.2905 -395.343 3.54899
39400 16.3684 -395.228 3.54506
39500 16.4465 -395.369 3.54495
39600 16.5248 -394.995 3.54839
39700 16.6033 -395.882 3.5506
39800 16.682 -395.166 3.55149
39900 16.7609 -389.683 3.55286
40000 16.84 -395.612 3.55391
40100 16.9193 -395.1 3.5555
40200 16.9988 -395.878 3.55752
40300 17.0785 -395.45 3.56215
40400 17.1584 -395.88 3.56291
40500 17.2385 -395.306 3.5645
40600 17.3188 -395.216 3.56904
40700 17.3993 -397.462 3.56889
40800 17.4799 -397.03 3.56938
40900 17.5608 -396.634 3.56752
41000 17.6419 -396.295 3.56729
41100 17.7232 -395.971 3.56757
41200 17.8047 -395.778 3.56866
41300 17.8863 -395.974 3.56839
41400 17.9682 -394.008 3.56672
41500 18.0503 -395.715 3.56696
41600 18.1325 -395.63 3.56787
41700 18.215 -396.229 3.56748
41800 18.2977 -395.399 3.56817
41900 18.3805 -395.76 3.56838
42000 18.4636 -396.735 3.5684
42100 18.5469 -396.458 3.56893
42200 18.6303 -396.973 3.5677
42300 18.714 -396.793 3.56961
42400 18.7978 -396.813 3.57137
42500 18.8819 -395.598 3.57366
42600 18.9661 -393.825 3.58085
42700 19.0506 -396.686 3.57977
42800 19.1352 -397.032 3.58271
42900 19.2201 -396.647 3.58319
43000 19.3051 -397.048 3.58402
43100 19.3903 -395.933 3.58367
43200 19.4758 -397.257 3.58476
43300 19.5614 -396.719 3.58514
43400 19.6472 -397.046 3.58568
43500 19.7333 -396.34 3.58624
43600 19.8195 -396.733 3.58689
43700 19.9059 -396.317 3.58468
43800 19.9926 -396.729 3.58836
43900 20.0794 -396.819 3.58974
44000 20.1664 -397.347 3.59342
44100 20.2536 -396.588 3.59514
44200 20.341 -397.118 3.59447
44300 20.4287 -397.244 3.59944
44400 20.5165 -397.49 3.60076
44500 20.6045 -396.562 3.59819
44600 20.6927 -396.697 3.59942
44700 20.7811 -397.497 3.60165
44800 20.8697 -397.129 3.59971
44900 20.9585 -397.571 3.59931
45000 21.0475 -397.528 3.60164
45100 21.1367 -397.108 3.60195
45200 21.2261 -396.969 3.60271
45300 21.3157 -397.428 3.60054
45400 21.4055 -397.41 3.60324
45500 21.4955 -397.247 3.60479
45600 21.5857 -397.489 3.60647
45700 21.6761 -397.03 3.60867
45800 21.7666 -397.883 3.6088
45900 21.8574 -397.147 3.61193
46000 21.9484 -396.132 3.61376
46100 22.0396 -396.899 3.6124
46200 22.131 -397.334 3.61281
46300 22.2225 -397.399 3.60968
46400 22.3143 -397.667 3.61104
46500 22.4063 -397.683 3.61427
46600 22.4984 -397.477 3.61673
46700 22.5908 -397.675 3.61639
46800 22.6834 -396.781 3.61609
46900 22.7761 -397.315 3.6131
47000 22.8691 -397.192 3.61429
47100 22.9623 -397.765 3.61672
47200 23.0556 -397.859 3.61793
47300 23.1492 -397.3 3.61759
47400 23.2429 -397.447 3.61789
47500 23.3369 -397.296 3.61568
47600 23.431 -397.649 3.61323
47700 23.5254 -396.961 3.61536
47800 23.6199 -397.833 3.61845
47900 23.7147 -397.75 3.61882
48000 23.8096 -397.528 3.61604
48100 23.9047 -397.231 3.61755
48200 24.0001 -398.403 3.61778
48300 24.0956 -397.581 3.61723
48400 24.1913 -397.508 3.61715
48500 24.2873 -397.36 3.61804
48600 24.3834 -397.341 3.61838
48700 24.4797 -397.436 3.61711
48800 24.5763 -397.648 3.61895
48900 24.673 -397.558 3.62032
49000 24.7699 -397.539 3.62121
49100 24.867 -397.687 3.61959
49200 24.9643 -397.699 3.6201
49300 25.0619 -398.432 3.62071
49400 25.1596 -398.066 3.61843
49500 25.2575 -398.117 3.62015
49600 25.3556 -397.509 3.61986
49700 25.4539 -397.76 3.62365
49800 25.5524 -397.114 3.62339
49900 25.6511 -397.637 3.62333
50000 25.75 -398.096 3.62482
50100 25.8491 -397.773 3.62271
50200 25.9484 -398.009 3.62784
50300 26.0479 -398.085 3.63051
50400 26.1476 -397.853 3.63256
50500 26.2475 -397.874 3.62937
50600 26.3476 -397.605 3.62933
50700 26.4479 -398.093 3.6348
50800 26.5483 -397.254 3.63307
50900 26.649 -397.566 3.63413
51000 26.7499 -397.797 3.63404
51100 26.851 -398.35 3.63581
51200 26.9523 -397.33 3.63484
51300 27.0537 -397.545 3.63743
51400 27.1554 -398.201 3.63782
51500 27.2573 -398.297 3.6358
51600 27.3593 -398.193 3.63637
51700 27.4616 -397.785 3.63278
51800 27.5641 -397.646 3.63243
51900 27.6667 -398.079 3.63432
52000 27.7696 -398.234 3.63564
52100 27.8727 -397.922 3.63708
52200 27.9759 -397.937 3.63865
52300 28.0794 -398.12 3.63804
52400 28.183 -397.698 3.63837
52500 28.2869 -397.776 3.63961
52600 28.3909 -398.153 3.64016
52700 28.4952 -397.851 3.64114
52800 28.5996 -398.05 3.63867
52900 28.7043 -398.175 3.63737
53000 28.8091 -397.639 3.63859
53100 28.9141 -397.863 3.64176
53200 29.0194 -397.779 3.6417
53300 29.1248 -397.523 3.64078
53400 29.2304 -397.732 3.64339
53500 29.3363 -397.801 3.64375
53600 29.4423 -398.145 3.64221
53700 29.5485 -398.056 3.64281
53800 29.655 -397.667 3.63963
53900 29.7616 -398.129 3.63794
54000 29.8684 -397.818 3.63693
54100 29.9754 -397.958 3.63418
54200 30.0826 -398.014 3.63456
54300 30.1901 -397.932 3.63687
54400 30.2977 -398.096 3.63807
54500 30.4055 -397.876 3.63681
54600 30.5135 -398.198 3.63809
54700 30.6217 -397.631 3.63786
54800 30.7301 -397.918 3.63495
54900 30.8387 -397.702 3.63662
55000 30.9475 -398.404 3.63866
55100 31.0565 -397.881 3.64076
55200 31.1657 -397.446 3.64512
55300 31.2751 -397.66 3.64547
55400 31.3847 -397.716 3.64567
55500 31.4945 -398.142 3.64795
55600 31.6045 -397.748 3.64581
55700 31.7147 -398.31 3.64573
55800 31.825 -398.313 3.64666
55900 31.9356 -398.099 3.64693
56000 32.0464 -398.616 3.64476
56100 32.1574 -398.13 3.64265
56200 32.2686 -398.27 3.64275
56300 32.3799 -397.781 3.6423
56400 32.4915 -398.58 3.63949
56500 32.6033 -398.475 3.63755
56600 32.7152 -398.011 3.63526
56700 32.8274 -398.507 3.63718
56800 32.9398 -398.163 3.63538
56900 33.0523 -398.34 3.63683
57000 33.1651 -398.728 3.63595
57100 33.2781 -398.472 3.63946
57200 33.3912 -398.322 3.64051
57300 33.5046 -398.735 3.63891
57400 33.6181 -386.074 3.63866
57500 33.7319 -387.944 3.63767
57600 33.8458 -393.691 3.63988
57700 33.96 -393.936 3.64743
57800 34.0743 -399.958 3.64671
57900 34.1889 -400.249 3.64719
58000 34.3036 -400.163 3.64568
58100 34.4185 -399.853 3.64696
58200 34.5337 -399.876 3.64773
58300 34.649 -399.786 3.6481
58400 34.7645 -399.79 3.64967
58500 34.8803 -400.219 3.64892
58600 34.9962 -400.28 3.65027
58700 35.1123 -399.526 3.65148
58800 35.2287 -399.868 3.65014
58900 35.3452 -399.97 3.65109
59000 35.4619 -399.574 3.64999
59100 35.5788 -400.408 3.65074
59200 35.6959 -388.302 3.6524
59300 35.8133 -390.567 3.65258
59400 35.9308 -390.621 3.65533
59500 36.0485 -390.789 3.65643
59600 36.1664 -390.857 3.65736
59700 36.2845 -391.092 3.65979
59800 36.4028 -390.825 3.65873
59900 36.5213 -397.997 3.65726
60000 36.64 -398.519 3.6548
60100 36.7589 -399.315 3.655
60200 36.878 -398.798 3.65801
60300 36.9973 -399.135 3.65957
60400 37.1168 -399.372 3.6604
60500 37.2365 -399.707 3.66268
60600 37.3564 -399.489 3.66772
60700 37.4765 -399.772 3.66938
60800 37.5967 -399.808 3.67001
60900 37.7172 -399.204 3.67273
61000 37.8379 -399.215 3.67716
61100 37.9588 -397.805 3.67565
61200 38.0799 -398.97 3.67561
61300 38.2011 -399.608 3.67644
61400 38.3226 -399.389 3.67859
61500 38.4443 -399.394 3.67967
61600 38.5661 -399.301 3.67805
61700 38.6882 -399.664 3.67942
61800 38.8105 -399.849 3.68415
61900 38.9329 -399.454 3.68634
62000 39.0556 -399.577 3.68482
62100 39.1785 -399.437 3.68535
62200 39.3015 -399.189 3.68716
62300 39.4248 -399.707 3.68431
62400 39.5482 -399.922 3.68326
62500 39.6719 -399.519 3.68205
62600 39.7957 -399.051 3.68413
62700 39.9198 -399.253 3.68527
62800 40.044 -400.078 3.68503
62900 40.1685 -400.088 3.68451
63000 40.2931 -399.297 3.68436
63100 40.4179 -398.794 3.68252
63200 40.543 -397.92 3.68809
63300 40.6682 -398.773 3.69294
63400 40.7936 -399.495 3.69569
63500 40.9193 -399.601 3.69853
63600 41.0451 -399.652 3.69571
63700 41.1711 -399.426 3.69594
63800 41.2974 -399.408 3.6955
63900 41.4238 -399.294 3.69185
64000 41.5504 -396.777 3.69388
64100 41.6772 -398.832 3.69383
64200 41.8042 -398.671 3.70098
64300 41.9315 -399.584 3.70308
64400 42.0589 -399.463 3.70141
64500 42.1865 -399.848 3.70533
64600 42.3143 -399.484 3.70769
64700 42.4423 -399.74 3.70549
64800 42.5705 -399.679 3.70436
64900 42.6989 -399.324 3.70398
65000 42.8275 -399.6 3.70431
65100 42.9563 -399.595 3.70136
65200 43.0853 -399.754 3.70575
65300 43.2145 -399.048 3.70559
65400 43.3439 -399.147 3.71051
65500 43.4735 -399.576 3.71197
65600 43.6033 -399.165 3.71259
65700 43.7333 -399.408 3.71118
65800 43.8634 -399.253 3.7131
65900 43.9938 -399.259 3.71011
66000 44.1244 -399.371 3.70922
66100 44.2552 -399.11 3.70988
66200 44.3862 -399.346 3.7093
66300 44.5173 -398.758 3.71185
66400 44.6487 -399.326 3.71032
66500 44.7803 -399.232 3.71177
66600 44.912 -399.473 3.71311
66700 45.044 -398.882 3.71575
66800 45.1762 -399.353 3.71655
66900 45.3085 -399.444 3.71801
67000 45.4411 -399.253 3.7181
67100 45.5739 -399.459 3.7179
67200 45.7068 -399.984 3.72024
67300 45.84 -400.351 3.71982
67400 45.9733 -400.683 3.7204
67500 46.1069 -400.829 3.72353
67600 46.2406 -400.581 3.72807
67700 46.3746 -400.581 3.72776
67800 46.5087 -400.584 3.72856
67900 46.6431 -400.625 3.72995
68000 46.7776 -400.973 3.72864
68100 46.9123 -400.964 3.72955
68200 47.0473 -400.638 3.73033
68300 47.1824 -400.679 3.72693
68400 47.3177 -400.893 3.72899
68500 47.4533 -401.146 3.73003
68600 47.589 -400.803 3.7286
68700 47.7249 -400.263 3.73089
68800 47.8611 -400.448 3.72696
68900 47.9974 -400.481 3.72644
69000 48.1339 -400.678 3.72773
69100 48.2706 -400.887 3.7298
69200 48.4075 -400.52 3.72928
69300 48.5447 -400.381 3.72954
69400 48.682 -400.427 3.72739
69500 48.8195 -400.455 3.72903
69600 48.9572 -400.979 3.73053
69700 49.0951 -400.702 3.7313
69800 49.2332 -400.733 3.73229
69900 49.3715 -400.71 3.73743
70000 49.51 -400.711 3.73912
70100 49.6487 -400.859 3.73982
70200 49.7876 -400.683 3.74218
70300 49.9267 -400.785 3.74433
70400 50.066 -400.807 3.7462
70500 50.2055 -400.379 3.75101
70600 50.3452 -400.562 3.75208
70700 50.4851 -400.627 3.75465
70800 50.6251 -400.456 3.75539
70900 50.7654 -400.283 3.75489
71000 50.9059 -399.969 3.75602
71100 51.0466 -400.595 3.75615
71200 51.1875 -399.719 3.75991
71300 51.3285 -400.249 3.75988
71400 51.4698 -400.632 3.75935
71500 51.6113 -400.144 3.76277
71600 51.7529 -400.118 3.76558
71700 51.8948 -400.855 3.76793
71800 52.0369 -400.631 3.77159
71900 52.1791 -400.222 3.7722
72000 52.3216 -400.334 3.77084
72100 52.4643 -400.2 3.76999
72200 52.6071 -400.292 3.76926
72300 52.7502 -400.334 3.77031
72400 52.8934 -400.454 3.76841
72500 53.0369 -400.393 3.7692
72600 53.1805 -399.186 3.76819
72700 53.3244 -400.112 3.76995
72800 53.4684 -400.113 3.76836
72900 53.6127 -400.343 3.77112
73000 53.7571 -400.185 3.7737
73100 53.9017 -400.078 3.7767
73200 54.0466 -400.472 3.77412
73300 54.1916 -400.348 3.77338
73400 54.3368 -400.545 3.77683
73500 54.4823 -400.122 3.77821
73600 54.6279 -400.541 3.78067
73700 54.7737 -396.791 3.78197
73800 54.9198 -400.251 3.77981
73900 55.066 -400.105 3.77578
74000 55.2124 -400.108 3.77368
74100 55.359 -400.013 3.77394
74200 55.5058 -400.27 3.76989
74300 55.6529 -400.223 3.76632
74400 55.8001 -373.193 3.7646
74500 55.9475 -400.338 3.76687
74600 56.0951 -400.347 3.76892
74700 56.2429 -400.243 3.76638
74800 56.3909 -400.6 3.76467
74900 56.5391 -400.627 3.76449
75000 56.6875 -400.566 3.76277
75100 56.8361 -400.731 3.76255
75200 56.9849 -400.798 3.76287
75300 57.1339 -400.972 3.76452
75400 57.2831 -400.567 3.76365
75500 57.4325 -400.754 3.76327
75600 57.5821 -400.141 3.76184
75700 57.7319 -400.299 3.7622
75800 57.8818 -400.502 3.7638
75900 58.032 -396.951 3.76717
76000 58.1824 -398.595 3.77095
76100 58.333 -398.234 3.7733
76200 58.4838 -399.483 3.77366
76300 58.6347 -400.292 3.77291
76400 58.7859 -401.073 3.77301
76500 58.9373 -401.428 3.77527
76600 59.0888 -401.403 3.77534
76700 59.2406 -401.331 3.77502
76800 59.3926 -401.889 3.77602
76900 59.5447 -402.238 3.77852
77000 59.6971 -402.033 3.77741
77100 59.8497 -402.046 3.77763
77200 60.0024 -402.122 3.77782
77300 60.1554 -402.071 3.77886
77400 60.3085 -402.102 3.77835
77500 60.4619 -401.866 3.7786
77600 60.6154 -402.131 3.78051
77700 60.7692 -402.03 3.77648
77800 60.9231 -402.143 3.77416
77900 61.0773 -402.188 3.76925
78000 61.2316 -402.188 3.76899
78100 61.3861 -402.411 3.7698
78200 61.5409 -402.255 3.76852
78300 61.6958 -402.341 3.76807
78400 61.8509 -402.005 3.76873
78500 62.0063 -401.642 3.76646
78600 62.1618 -401.925 3.76881
78700 62.3175 -401.895 3.76876
78800 62.4735 -401.713 3.76976
78900 62.6296 -402.135 3.76848
79000 62.7859 -402.018 3.76814
79100 62.9424 -402.094 3.76966
79200 63.0991 -402.149 3.77154
79300 63.2561 -402.215 3.77362
79400 63.4132 -401.839 3.77208
79500 63.5705 -402.358 3.77116
79600 63.728 -402.707 3.77035
79700 63.8857 -403.159 3.77057
79800 64.0436 -402.941 3.77253
79900 64.2017 -403.004 3.77544
80000 64.36 -389.435 3.77839
80100 64.5185 -400.476 3.77793
80200 64.6772 -401.422 3.7822
80300 64.8361 -401.49 3.78123
80400 64.9952 -401.424 3.78328
80500 65.1545 -401.417 3.78712
80600 65.314 -398.539 3.78822
80700 65.4737 -397.105 3.79139
80800 65.6335 -398.777 3.79619
80900 65.7936 -399.01 3.79722
81000 65.9539 -398.943 3.79708
81100 66.1144 -399.27 3.79742
81200 66.2751 -399.324 3.79447
81300 66.4359 -399.426 3.7955
81400 66.597 -399.366 3.79742
81500 66.7583 -399.651 3.80059
81600 66.9197 -399.649 3.8027
81700 67.0814 -401.544 3.80094
81800 67.2433 -401.571 3.79825
81900 67.4053 -401.568 3.79977
82000 67.5676 -401.638 3.79849
82100 67.7301 -402.122 3.79891
82200 67.8927 -401.848 3.79911
82300 68.0556 -402.04 3.79525
82400 68.2186 -401.886 3.79381
82500 68.3819 -401.858 3.79301
82600 68.5453 -402.118 3.79524
82700 68.709 -402.205 3.79585
82800 68.8728 -402.15 3.79549
82900 69.0369 -401.946 3.79631
83000 69.2011 -401.89 3.7945
83100 69.3655 -402.169 3.79576
83200 69.5302 -402.212 3.79795
83300 69.695 -401.896 3.79905
83400 69.86 -401.918 3.79792
83500 70.0253 -401.967 3.79906
83600 70.1907 -401.837 3.80026
83700 70.3563 -402.03 3.79989
83800 70.5222 -401.954 3.80003
83900 70.6882 -402.056 3.80289
84000 70.8544 -401.789 3.80544
84100 71.0208 -402.295 3.80886
84200 71.1874 -402.405 3.80682
84300 71.3543 -402.277 3.80823
84400 71.5213 -401.958 3.80427
84500 71.6885 -402.121 3.80802
84600 71.8559 -402.145 3.80734
84700 72.0235 -402.277 3.8105
84800 72.1913 -402.155 3.80892
84900 72.3593 -402.08 3.81013
85000 72.5275 -401.865 3.81129
85100 72.6959 -402.07 3.81095
85200 72.8645 -402.168 3.81193
85300 73.0333 -401.933 3.80967
85400 73.2023 -402.251 3.80766
85500 73.3715 -400.396 3.81111
85600 73.5409 -402.078 3.81043
85700 73.7105 -401.955 3.8073
85800 73.8802 -401.833 3.80865
85900 74.0502 -402.007 3.80778
86000 74.2204 -402.223 3.80602
86100 74.3908 -402.191 3.80952
86200 74.5614 -402.1 3.81081
86300 74.7321 -401.974 3.80951
86400 74.9031 -402.213 3.80985
86500 75.0743 -402.517 3.80849
86600 75.2456 -402.091 3.8092
86700 75.4172 -402.483 3.80911
86800 75.589 -402.019 3.80761
86900 75.7609 -402.11 3.80628
87000 75.9331 -402.356 3.80388
87100 76.1055 -401.968 3.80155
87200 76.278 -402.246 3.79883
87300 76.4508 -402.35 3.79972
87400 76.6237 -402.528 3.79671
87500 76.7969 -402.467 3.79937
87600 76.9702 -402.093 3.80015
87700 77.1438 -402.284 3.79857
87800 77.3175 -402.272 3.79592
87900 77.4915 -402.406 3.79627
88000 77.6656 -402.451 3.79825
88100 77.8399 -402.452 3.80281
88200 78.0145 -402.234 3.80443
88300 78.1892 -402.213 3.80371
88400 78.3641 -402.316 3.79902
88500 78.5393 -402.516 3.79965
88600 78.7146 -402.385 3.80039
88700 78.8901 -402.003 3.8007
88800 79.0659 -402.453 3.80388
88900 79.2418 -402.313 3.8069
89000 79.4179 -401.993 3.80705
89100 79.5942 -402.329 3.80509
89200 79.7707 -402.323 3.80512
89300 79.9475 -402.148 3.80711
89400 80.1244 -401.931 3.81235
89500 80.3015 -402.406 3.81049
89600 80.4788 -402.264 3.81287
89700 80.6563 -402.459 3.81254
89800 80.834 -402.172 3.81382
89900 81.0119 -402.393 3.81552
90000 81.19 -402.163 3.81584
90100 81.3683 -401.593 3.81888
90200 81.5468 -401.973 3.81861
90300 81.7255 -402.4 3.8187
90400 81.9044 -402.352 3.81873
90500 82.0835 -402.367 3.82322
90600 82.2628 -402.582 3.82385
90700 82.4423 -402.33 3.82356
90800 82.6219 -402.385 3.82167
90900 82.8018 -402.082 3.82355
91000 82.9819 -402.493 3.82549
91100 83.1622 -402.51 3.82319
91200 83.3427 -402.48 3.82337
91300 83.5233 -402.587 3.82058
91400 83.7042 -402.357 3.81981
91500 83.8853 -402.401 3.8185
91600 84.0665 -402.43 3.81327
91700 84.248 -402.365 3.81068
91800 84.4297 -402.414 3.81093
91900 84.6115 -402.582 3.81171
92000 84.7936 -402.45 3.811
92100 84.9759 -402.569 3.81428
92200 85.1583 -402.554 3.81727
92300 85.341 -402.025 3.81955
92400 85.5238 -402.58 3.81973
92500 85.7069 -402.422 3.82204
92600 85.8901 -402.221 3.8187
92700 86.0736 -402.328 3.82166
92800 86.2572 -402.199 3.82574
92900 86.4411 -402.363 3.82508
93000 86.6251 -402.551 3.82386
93100 86.8093 -402.298 3.82524
93200 86.9938 -402.256 3.82384
93300 87.1784 -402.48 3.8239
93400 87.3632 -399.721 3.82129
93500 87.5483 -400.863 3.81587
93600 87.7335 -401.222 3.8153
93700 87.9189 -401.311 3.81663
93800 88.1046 -399.153 3.8128
93900 88.2904 -402.06 3.81403
94000 88.4764 -402.215 3.8149
94100 88.6626 -402.225 3.81095
94200 88.849 -402.334 3.81188
94300 89.0357 -402.459 3.81249
94400 89.2225 -402.392 3.81259
94500 89.4095 -402.382 3.81356
94600 89.5967 -402.232 3.81209
94700 89.7841 -401.213 3.81555
94800 89.9717 -401.83 3.8144
94900 90.1595 -402.182 3.81605
95000 90.3475 -402.279 3.81963
95100 90.5357 -402.2 3.81872
95200 90.7241 -402.665 3.82031
95300 90.9127 -401.435 3.82356
95400 91.1015 -401.8 3.82331
95500 91.2905 -402.063 3.82562
95600 91.4797 -402.361 3.82753
95700 91.6691 -402.325 3.82448
95800 91.8586 -402.478 3.82339
95900 92.0484 -402.428 3.82271
96000 92.2384 -402.591 3.82328
96100 92.4286 -402.695 3.82277
96200 92.619 -402.864 3.82416
96300 92.8095 -402.62 3.82116
96400 93.0003 -402.735 3.82105
96500 93.1913 -402.951 3.82253
96600 93.3824 -402.92 3.82514
96700 93.5738 -402.828 3.82738
96800 93.7654 -402.864 3.82974
96900 93.9571 -402.73 3.82719
97000 94.1491 -402.682 3.83099
97100 94.3413 -402.652 3.83178
97200 94.5336 -402.594 3.82909
97300 94.7262 -402.54 3.83021
97400 94.9189 -402.684 3.83293
97500 95.1119 -402.658 3.83648
97600 95.305 -402.809 3.8354
97700 95.4984 -402.567 3.83326
97800 95.6919 -402.677 3.83395
97900 95.8857 -402.57 3.83386
98000 96.0796 -402.519 3.83188
98100 96.2737 -402.771 3.83133
98200 96.4681 -402.747 3.83387
98300 96.6626 -402.722 3.83304
98400 96.8573 -402.7 3.83403
98500 97.0523 -402.598 3.83225
98600 97.2474 -402.511 3.83342
98700 97.4427 -402.331 3.83568
98800 97.6383 -402.297 3.83621
98900 97.834 -402.333 3.83989
99000 98.0299 -402.577 3.84049
99100 98.226 -402.657 3.83842
99200 98.4223 -402.416 3.84039
99300 98.6189 -402.475 3.84161
99400 98.8156 -402.578 3.83819
99500 99.0125 -402.558 3.83778
99600 99.2096 -402.555 3.83827
99700 99.4069 -402.398 3.84124
99800 99.6044 -402.439 3.84761
99900 99.8021 -402.424 3.84979
100000 100 -402.378 3.85
