100 1.0001 2464.93 2.50311
200 1.0004 2145.07 2.50605
300 1.00089 2081.67 2.50841
400 1.00158 2046.96 2.51055
500 1.00248 2023.41 2.51293
600 1.00356 1999.04 2.51625
700 1.00485 1985.5 2.52034
800 1.00634 1973.89 2.52489
900 1.00802 1963.5 2.52903
1000 1.0099 1944.22 2.53268
1100 1.01198 1924.67 2.53592
1200 1.01426 1911.13 2.54169
1300 1.01673 1900.24 2.5457
1400 1.0194 1891.39 2.55072
1500 1.02228 1883.52 2.55329
1600 1.02534 1874.96 2.55778
1700 1.02861 1846.25 2.56169
1800 1.03208 1823.48 2.56663
1900 1.03574 1825.57 2.57409
2000 1.0396 1788.58 2.57845
2100 1.04366 1771.97 2.57983
2200 1.04792 1783.41 2.58403
2300 1.05237 1768.38 2.58512
2400 1.05702 1772.16 2.58761
2500 1.06188 1759.32 2.58847
2600 1.06692 1743.86 2.59345
2700 1.07217 1757.57 2.59476
2800 1.07762 1733.61 2.59704
2900 1.08326 1740.58 2.59774
3000 1.0891 1737.24 2.602
3100 1.09514 1721.25 2.60694
3200 1.10138 1708.07 2.61238
3300 1.10781 1685.35 2.61473
3400 1.11444 1694.16 2.61762
3500 1.12128 1659.31 2.62172
3600 1.1283 1669.22 2.62463
3700 1.13553 1674.47 2.62852
3800 1.14296 1655.89 2.63289
3900 1.15058 1632.63 2.63562
4000 1.1584 1621.39 2.63884
4100 1.16642 1606.96 2.64461
4200 1.17464 1611.23 2.64783
4300 1.18305 1600.55 2.64992
4400 1.19166 1582.28 2.6543
4500 1.20047 1571.53 2.65614
4600 1.20948 1572.83 2.66167
4700 1.21869 1597.28 2.6624
4800 1.2281 1569.48 2.66442
4900 1.2377 1560.51 2.66871
5000 1.2475 1543.63 2.67302
5100 1.2575 1522.24 2.67616
5200 1.2677 1510.54 2.6795
5300 1.27809 1511.69 2.68303
5400 1.28868 1505.62 2.68789
5500 1.29947 1479.96 2.69285
5600 1.31046 1475.39 2.69753
5700 1.32165 1452.3 2.70337
5800 1.33304 1451.79 2.70748
5900 1.34462 1439.85 2.71142
6000 1.3564 1436.29 2.71409
6100 1.36838 1422.23 2.71986
6200 1.38056 1419.92 2.7234
6300 1.39293 1404.65 2.7267
6400 1.4055 1384.92 2.73218
6500 1.41827 1385.95 2.73388
6600 1.43124 1372.88 2.73731
6700 1.44441 1373.6 2.74092
6800 1.45778 1356.58 2.74485
6900 1.47134 1355.65 2.74842
7000 1.4851 1339.26 2.7548
7100 1.49906 1311.87 2.7587
7200 1.51322 1316.76 2.7626
7300 1.52757 1298.84 2.76708
7400 1.54212 1284.11 2.7711
7500 1.55688 1275.99 2.77425
7600 1.57182 1287.14 2.77815
7700 1.58697 1270.3 2.783
7800 1.60232 1277.59 2.78479
7900 1.61786 1261.49 2.78735
8000 1.6336 1259.52 2.7893
8100 1.64954 1253.26 2.79298
8200 1.66568 1250.28 2.7959
8300 1.68201 1222.22 2.80267
8400 1.69854 1224.41 2.80685
8500 1.71528 1210.77 2.81012
8600 1.7322 1216.86 2.81242
8700 1.74933 1218.32 2.81265
8800 1.76666 1204.97 2.81711
8900 1.78418 1197.74 2.82352
9000 1.8019 1179.44 2.82614
9100 1.81982 1174.66 2.83028
9200 1.83794 1176.72 2.83459
9300 1.85625 1161.07 2.83727
9400 1.87476 1163.85 2.84057
9500 1.89348 1142.45 2.84515
9600 1.91238 1142.26 2.84866
9700 1.93149 1130.25 2.85362
9800 1.9508 1126.95 2.85603
9900 1.9703 1111.31 2.86262
10000 1.99 1104.29 2.86709
10100 2.0099 1099.58 2.87148
10200 2.03 1081.86 2.87561
10300 2.05029 1079.23 2.8814
10400 2.07078 1074.69 2.88473
10500 2.09147 1071.46 2.88908
10600 2.11236 1046.37 2.89469
10700 2.13345 1040.14 2.9012
10800 2.15474 1034.12 2.90415
10900 2.17622 1023.99 2.9095
11000 2.1979 1016.71 2.91657
11100 2.21978 1006.2 2.92097
11200 2.24186 975.922 2.92542
11300 2.26413 980.378 2.92958
11400 2.2866 986.145 2.93308
11500 2.30927 971.579 2.93637
11600 2.33214 945.749 2.94202
11700 2.35521 939.65 2.94985
11800 2.37848 950.353 2.95662
11900 2.40194 931.419 2.9607
12000 2.4256 927.257 2.96612
12100 2.44946 913.551 2.97078
12200 2.47352 909.551 2.97598
12300 2.49777 897.466 2.98022
12400 2.52222 890.168 2.9854
12500 2.54688 890.124 2.99218
12600 2.57172 863.664 2.99733
12700 2.59677 863.708 2.99946
12800 2.62202 854.279 3.00528
12900 2.64746 848.049 3.01162
13000 2.6731 848.501 3.0185
13100 2.69894 824.725 3.02341
13200 2.72498 826.814 3.026
13300 2.75121 805.416 3.03086
13400 2.77764 809.288 3.03427
13500 2.80428 784.342 3.03828
13600 2.8311 799.037 3.04083
13700 2.85813 797.354 3.04351
13800 2.88536 804.668 3.04643
13900 2.91278 777.886 3.05154
14000 2.9404 763.766 3.05738
14100 2.96822 768.686 3.06274
14200 2.99624 759.037 3.06576
14300 3.02445 758.823 3.07036
14400 3.05286 746.161 3.07448
14500 3.08147 747.34 3.07879
14600 3.11028 726.211 3.08527
14700 3.13929 738.502 3.08725
14800 3.1685 725.312 3.0919
14900 3.1979 713.071 3.09523
15000 3.2275 678.819 3.10363
15100 3.2573 686.822 3.10972
15200 3.2873 672.169 3.11759
15300 3.31749 665.763 3.12578
15400 3.34788 655.634 3.12841
15500 3.37848 632.233 3.13226
15600 3.40926 638.114 3.13787
15700 3.44025 639.114 3.14609
15800 3.47144 644.892 3.15039
15900 3.50282 617.625 3.15509
16000 3.5344 601.692 3.15774
16100 3.56618 614.839 3.16226
16200 3.59816 622.226 3.16757
16300 3.63033 599.942 3.17249
16400 3.6627 587.005 3.1762
16500 3.69528 595.835 3.18054
16600 3.72804 581.761 3.18603
16700 3.76101 579.996 3.18932
16800 3.79418 590.172 3.19329
16900 3.82754 572.247 3.19359
17000 3.8611 573.514 3.1953
17100 3.89486 578.009 3.20128
17200 3.92882 548.974 3.2077
17300 3.96297 550.338 3.21531
17400 3.99732 520.285 3.2223
17500 4.03187 522.762 3.22487
17600 4.06662 508.233 3.22941
17700 4.10157 498.857 3.23479
17800 4.13672 507.839 3.24189
17900 4.17206 529.422 3.24634
18000 4.2076 526.063 3.24877
18100 4.24334 473.504 3.25472
18200 4.27928 495.724 3.25986
18300 4.31541 439.196 3.26559
18400 4.35174 473.976 3.26723
18500 4.38828 434.919 3.27232
18600 4.425 381.844 3.27665
18700 4.46193 300.939 3.28343
18800 4.49906 398.027 3.28799
18900 4.53638 400.732 3.29233
19000 4.5739 288.575 3.29747
19100 4.61162 342.826 3.3024
19200 4.64954 361.089 3.30883
19300 4.68765 393.683 3.31449
19400 4.72596 384.514 3.31881
19500 4.76448 355.735 3.3233
19600 4.80318 317.42 3.32953
19700 4.84209 293.302 3.33488
19800 4.8812 365.503 3.33971
19900 4.9205 360.093 3.34498
20000 4.96 364.17 3.34995
20100 4.9997 330.973 3.35966
20200 5.0396 338.631 3.36603
20300 5.07969 323.784 3.37532
20400 5.11998 338.487 3.38233
20500 5.16047 323.654 3.38711
20600 5.20116 238.028 3.39422
20700 5.24205 254.318 3.3994
20800 5.28314 168.141 3.40793
20900 5.32442 114.75 3.41492
21000 5.3659 31.9112 3.42186
21100 5.40758 16.5656 3.4267
21200 5.44946 61.6438 3.43396
21300 5.49153 -38.9322 3.43994
21400 5.5338 -55.366 3.44415
21500 5.57627 -95.3457 3.44733
21600 5.61894 -54.9583 3.45088
21700 5.66181 -13.0871 3.45535
21800 5.70488 -68.0671 3.45914
21900 5.74814 -96.6981 3.46181
22000 5.7916 -139.74 3.46605
22100 5.83526 -150.929 3.46894
22200 5.87912 -171.416 3.46966
22300 5.92317 -159.676 3.47605
22400 5.96742 -204.242 3.48041
22500 6.01188 -213.22 3.48282
22600 6.05652 -160.297 3.48357
22700 6.10137 -180.76 3.48606
22800 6.14642 -223.623 3.48775
22900 6.19166 -162.562 3.49203
23000 6.2371 -171.121 3.49572
23100 6.28274 -169.77 3.49867
23200 6.32858 -233.869 3.50116
23300 6.37461 -265.059 3.50301
23400 6.42084 -292.364 3.5031
23500 6.46727 -334.296 3.50544
23600 6.5139 -343.019 3.50772
23700 6.56073 -356.463 3.50812
23800 6.60776 -335.401 3.51271
23900 6.65498 -351.881 3.51392
24000 6.7024 -357.018 3.51547
24100 6.75002 -351.693 3.51937
24200 6.79784 -365.352 3.51887
24300 6.84585 -372.336 3.51946
24400 6.89406 -370.729 3.51821
24500 6.94247 -376.675 3.51729
24600 6.99108 -371.264 3.51821
24700 7.03989 -375.911 3.51671
24800 7.0889 -367.559 3.52249
24900 7.1381 -369.831 3.52026
25000 7.1875 -351.776 3.5207
25100 7.2371 -378.195 3.52264
25200 7.2869 -379.799 3.52295
25300 7.33689 -371.068 3.52235
25400 7.38708 -379.92 3.52504
25500 7.43748 -366.391 3.52647
25600 7.48806 -380.406 3.5253
25700 7.53885 -372.052 3.52491
25800 7.58984 -373.509 3.53051
25900 7.64102 -365.27 3.53569
26000 7.6924 -381.213 3.53348
26100 7.74398 -382.306 3.53606
26200 7.79576 -358.537 3.53659
26300 7.84773 -370.025 3.53666
26400 7.8999 -383.919 3.53346
26500 7.95228 -384.455 3.53409
26600 8.00484 -381.869 3.53074
26700 8.05761 -382.35 3.53464
26800 8.11058 -382.909 3.53816
26900 8.16374 -372.604 3.54266
27000 8.2171 -381.12 3.54145
27100 8.27066 -383.58 3.54276
27200 8.32442 -382.725 3.54409
27300 8.37837 -367.358 3.5433
27400 8.43252 -383.228 3.54393
27500 8.48688 -382.892 3.54537
27600 8.54142 -385.417 3.54657
27700 8.59617 -384.747 3.54494
27800 8.65112 -363.667 3.54546
27900 8.70626 -366.745 3.54686
28000 8.7616 -384.326 3.54942
28100 8.81714 -369.226 3.55046
28200 8.87288 -367.139 3.55286
28300 8.92881 -375.004 3.5545
28400 8.98494 -384.025 3.55713
28500 9.04127 -364.029 3.55332
28600 9.0978 -374.873 3.55768
28700 9.15453 -387.869 3.55988
28800 9.21146 -387.471 3.56142
28900 9.26858 -391.975 3.5571
29000 9.3259 -386.387 3.55989
29100 9.38342 -390.804 3.55859
29200 9.44114 -391.752 3.5573
29300 9.49905 -392.221 3.559
29400 9.55716 -392.139 3.5628
29500 9.61547 -387.909 3.5615
29600 9.67398 -391.278 3.56228
29700 9.73269 -371.289 3.56025
29800 9.7916 -390.018 3.55683
29900 9.8507 -392.332 3.557
30000 9.91 -392.234 3.55615
30100 9.9695 -384.3 3.55721
30200 10.0292 -387.464 3.55668
30300 10.0891 -383.628 3.5589
30400 10.1492 -389.718 3.55971
30500 10.2095 -389.736 3.55879
30600 10.27 -390.314 3.55916
30700 10.3307 -361.577 3.55926
30800 10.3915 -371.523 3.55801
30900 10.4526 -380.223 3.56238
31000 10.5139 -387.625 3.55905
31100 10.5754 -376.301 3.56292
31200 10.6371 -389.512 3.56387
31300 10.6989 -384.699 3.56461
31400 10.761 -382.087 3.56271
31500 10.8233 -391.46 3.56434
31600 10.8857 -381.526 3.56411
31700 10.9484 -391.231 3.56067
31800 11.0113 -389.854 3.55761
31900 11.0743 -391.892 3.55645
32000 11.1376 -390.46 3.55628
32100 11.2011 -392.28 3.55954
32200 11.2647 -384.822 3.55986
32300 11.3286 -392.504 3.55838
32400 11.3926 -391.166 3.55843
32500 11.4569 -391.071 3.55969
32600 11.5213 -391.115 3.56273
32700 11.586 -391.869 3.56556
32800 11.6508 -383.572 3.56474
32900 11.7159 -389.689 3.56561
33000 11.7811 -390.371 3.56475
33100 11.8465 -392.246 3.56501
33200 11.9122 -385.332 3.56578
33300 11.978 -392.523 3.56841
33400 12.044 -384.453 3.56867
33500 12.1103 -373.694 3.57153
33600 12.1767 -391.921 3.57245
33700 12.2433 -385.145 3.56679
33800 12.3102 -391.662 3.56464
33900 12.3772 -379.562 3.56704
34000 12.4444 -379.043 3.5698
34100 12.5118 -392.931 3.56805
34200 12.5794 -384.043 3.56994
34300 12.6473 -392.233 3.5707
34400 12.7153 -392.089 3.57232
34500 12.7835 -388.997 3.5764
34600 12.8519 -391.574 3.57915
34700 12.9205 -389.769 3.58132
34800 12.9893 -390.92 3.58421
34900 13.0583 -391.643 3.58478
35000 13.1275 -392.237 3.58177
35100 13.1969 -391.381 3.58231
35200 13.2665 -392.449 3.58466
35300 13.3363 -391.754 3.58485
35400 13.4063 -391.832 3.58808
35500 13.4765 -392.983 3.58873
35600 13.5469 -391.109 3.59333
35700 13.6175 -392.659 3.59446
35800 13.6882 -389.296 3.59801
35900 13.7592 -373.007 3.59726
36000 13.8304 -391.491 3.60068
36100 13.9018 -391.246 3.60082
36200 13.9734 -391.937 3.60398
36300 14.0451 -392.349 3.60779
36400 14.1171 -391.562 3.61021
36500 14.1893 -391.826 3.61151
36600 14.2616 -392.149 3.61347
36700 14.3342 -393.305 3.61268
36800 14.407 -392.553 3.61526
36900 14.4799 -392.659 3.61404
37000 14.5531 -392.767 3.61444
37100 14.6265 -391.93 3.61465
37200 14.7 -366.851 3.61334
37300 14.7738 -391.969 3.61118
37400 14.8477 -391.94 3.60647
37500 14.9219 -393.384 3.60373
37600 14.9962 -392.8 3.60253
37700 15.0708 -392.646 3.60612
37800 15.1455 -395.837 3.61099
37900 15.2205 -396.855 3.61089
38000 15.2956 -396.671 3.61331
38100 15.3709 -397.185 3.61185
38200 15.4465 -396.011 3.613
38300 15.5222 -395.601 3.61034
38400 15.5981 -396.063 3.6094
38500 15.6743 -395.7 3.60925
38600 15.7506 -396.826 3.60782
38700 15.8271 -396.921 3.60488
38800 15.9039 -396.167 3.60693
38900 15.9808 -395.907 3.60895
39000 16.0579 -396.841 3.60918
39100 16.1352 -396.261 3.60774
39200 16.2127 -396.237 3.60848
39300 16.2905 -395.983 3.61282
39400 16.3684 -395.722 3.61237
39500 16.4465 -396.014 3.61
39600 16.5248 -397.186 3.61047
39700 16.6033 -397.437 3.60813
39800 16.682 -396.77 3.61182
39900 16.7609 -397.004 3.61227
40000 16.84 -396.765 3.6105
40100 16.9193 -396.263 3.61325
40200 16.9988 -395.864 3.61285
40300 17.0785 -397.787 3.61444
40400 17.1584 -397.274 3.61609
40500 17.2385 -397.403 3.61645
40600 17.3188 -396.42 3.61669
40700 17.3993 -396.423 3.61546
40800 17.4799 -396.818 3.61882
40900 17.5608 -397.168 3.6198
41000 17.6419 -396.701 3.61748
41100 17.7232 -397.001 3.6175
41200 17.8047 -397.079 3.6148
41300 17.8863 -396.734 3.61782
41400 17.9682 -397.266 3.61755
41500 18.0503 -396.35 3.61634
41600 18.1325 -397.647 3.61271
41700 18.215 -397.66 3.61123
41800 18.2977 -396.691 3.60995
41900 18.3805 -397.091 3.61005
42000 18.4636 -397.072 3.60934
42100 18.5469 -389.425 3.61147
42200 18.6303 -397.897 3.61334
42300 18.714 -397.592 3.61581
42400 18.7978 -397.826 3.61185
42500 18.8819 -397.618 3.61268
42600 18.9661 -397.561 3.61569
42700 19.0506 -397.016 3.61637
42800 19.1352 -396.891 3.61773
42900 19.2201 -397.899 3.61965
43000 19.3051 -397.973 3.62119
43100 19.3903 -397.769 3.62113
43200 19.4758 -397.436 3.62113
43300 19.5614 -397.525 3.61906
43400 19.6472 -397.968 3.62174
43500 19.7333 -395.778 3.62279
43600 19.8195 -398.059 3.62048
43700 19.9059 -397.199 3.62108
43800 19.9926 -396.685 3.62151
43900 20.0794 -398.07 3.61991
44000 20.1664 -398.082 3.62043
44100 20.2536 -396.829 3.61888
44200 20.341 -397.819 3.61632
44300 20.4287 -398.577 3.61348
44400 20.5165 -398.248 3.6136
44500 20.6045 -397.733 3.61089
44600 20.6927 -397.536 3.61206
44700 20.7811 -398.57 3.61399
44800 20.8697 -397.304 3.61633
44900 20.9585 -397.72 3.61669
45000 21.0475 -398.341 3.61594
45100 21.1367 -398.069 3.6194
45200 21.2261 -398.304 3.62174
45300 21.3157 -397.53 3.62293
45400 21.4055 -397.942 3.62211
45500 21.4955 -398.629 3.62349
45600 21.5857 -398.896 3.62275
45700 21.6761 -398.742 3.62725
45800 21.7666 -399.236 3.62767
45900 21.8574 -398.52 3.62751
46000 21.9484 -398.956 3.6278
46100 22.0396 -397.834 3.6269
46200 22.131 -398.227 3.62857
46300 22.2225 -398.668 3.63051
46400 22.3143 -398.943 3.62881
46500 22.4063 -398.313 3.62681
46600 22.4984 -399.002 3.62806
46700 22.5908 -398.786 3.62667
46800 22.6834 -398.899 3.62348
46900 22.7761 -399.245 3.62504
47000 22.8691 -398.849 3.62268
47100 22.9623 -398.716 3.62489
47200 23.0556 -399.191 3.62344
47300 23.1492 -398.912 3.62628
47400 23.2429 -398.583 3.62212
47500 23.3369 -398.98 3.62107
47600 23.431 -399.433 3.6202
47700 23.5254 -398.308 3.62002
47800 23.6199 -399.03 3.62091
47900 23.7147 -398.639 3.61995
48000 23.8096 -399.831 3.6182
48100 23.9047 -399.878 3.61703
48200 24.0001 -399.208 3.61948
48300 24.0956 -399.289 3.61845
48400 24.1913 -400.097 3.62039
48500 24.2873 -398.81 3.61782
48600 24.3834 -399.722 3.61844
48700 24.4797 -398.847 3.62047
48800 24.5763 -400.217 3.61964
48900 24.673 -399.224 3.61926
49000 24.7699 -399.526 3.61738
49100 24.867 -399.932 3.61831
49200 24.9643 -399.696 3.61885
49300 25.0619 -399.609 3.61731
49400 25.1596 -398.339 3.62123
49500 25.2575 -399.522 3.61599
49600 25.3556 -399.646 3.6157
49700 25.4539 -399.832 3.61664
49800 25.5524 -399.21 3.61537
49900 25.6511 -399.673 3.61581
50000 25.75 -399.944 3.61445
50100 25.8491 -399.82 3.61861
50200 25.9484 -400.204 3.61579
50300 26.0479 -400.799 3.61734
50400 26.1476 -400.229 3.61491
50500 26.2475 -399.715 3.6185
50600 26.3476 -399.981 3.61923
50700 26.4479 -399.675 3.62045
50800 26.5483 -400.377 3.61941
50900 26.649 -400.186 3.6195
51000 26.7499 -399.945 3.62353
51100 26.851 -399.814 3.62417
51200 26.9523 -400.136 3.62844
51300 27.0537 -400.306 3.62871
51400 27.1554 -400.318 3.62729
51500 27.2573 -400.775 3.63032
51600 27.3593 -401.236 3.62328
51700 27.4616 -400.514 3.62354
51800 27.5641 -401.005 3.62577
51900 27.6667 -400.841 3.63013
52000 27.7696 -400.733 3.63016
52100 27.8727 -400.747 3.63466
52200 27.9759 -401.016 3.63442
52300 28.0794 -400.287 3.63374
52400 28.183 -400.474 3.63435
52500 28.2869 -400.475 3.63361
52600 28.3909 -400.394 3.63514
52700 28.4952 -400.618 3.63229
52800 28.5996 -400.681 3.63393
52900 28.7043 -401.018 3.63179
53000 28.8091 -400.619 3.63116
53100 28.9141 -401.244 3.63064
53200 29.0194 -401.119 3.63012
53300 29.1248 -400.943 3.63076
53400 29.2304 -400.339 3.62746
53500 29.3363 -400.425 3.62956
53600 29.4423 -400.667 3.62661
53700 29.5485 -400.292 3.63136
53800 29.655 -400.184 3.62933
53900 29.7616 -400.425 3.62806
54000 29.8684 -400.718 3.63134
54100 29.9754 -400.475 3.63367
54200 30.0826 -400.628 3.63438
54300 30.1901 -401.104 3.63592
54400 30.2977 -401.446 3.63378
54500 30.4055 -400.36 3.63224
54600 30.5135 -400.889 3.63194
54700 30.6217 -400.383 3.63182
54800 30.7301 -400.071 3.63146
54900 30.8387 -400.782 3.62919
55000 30.9475 -401.11 3.63192
55100 31.0565 -400.805 3.63495
55200 31.1657 -400.11 3.63508
55300 31.2751 -400.302 3.63729
55400 31.3847 -400.957 3.63949
55500 31.4945 -400.804 3.63678
55600 31.6045 -400.314 3.63697
55700 31.7147 -401.362 3.64163
55800 31.825 -401.416 3.6403
55900 31.9356 -400.881 3.64396
56000 32.0464 -400.228 3.64518
56100 32.1574 -400.415 3.65049
56200 32.2686 -400.89 3.64807
56300 32.3799 -400.438 3.64851
56400 32.4915 -400.955 3.64873
56500 32.6033 -400.983 3.64895
56600 32.7152 -401.006 3.64565
56700 32.8274 -401.241 3.64404
56800 32.9398 -401.306 3.6414
56900 33.0523 -401.312 3.64142
57000 33.1651 -401.893 3.6401
57100 33.2781 -401.713 3.6388
57200 33.3912 -401.386 3.63803
57300 33.5046 -401.139 3.63775
57400 33.6181 -401.418 3.63989
57500 33.7319 -401.41 3.63878
57600 33.8458 -401.302 3.63988
57700 33.96 -400.977 3.63694
57800 34.0743 -401.49 3.63741
57900 34.1889 -400.004 3.63663
58000 34.3036 -400.923 3.63704
58100 34.4185 -401.28 3.63538
58200 34.5337 -401.142 3.63617
58300 34.649 -401.118 3.63834
58400 34.7645 -400.954 3.63756
58500 34.8803 -400.729 3.63495
58600 34.9962 -401.296 3.63571
58700 35.1123 -400.896 3.63658
58800 35.2287 -401.281 3.64111
58900 35.3452 -400.795 3.64056
59000 35.4619 -401.467 3.64239
59100 35.5788 -400.75 3.64139
59200 35.6959 -401.319 3.64339
59300 35.8133 -400.837 3.64038
59400 35.9308 -400.697 3.63899
59500 36.0485 -401.178 3.64019
59600 36.1664 -400.623 3.64
59700 36.2845 -401.327 3.639
59800 36.4028 -401.379 3.64521
59900 36.5213 -401.447 3.64312
60000 36.64 -401.387 3.64599
60100 36.7589 -401.037 3.64602
60200 36.878 -401.716 3.64676
60300 36.9973 -401.522 3.64742
60400 37.1168 -401.951 3.64869
60500 37.2365 -401.746 3.64967
60600 37.3564 -401.302 3.6509
60700 37.4765 -401.443 3.64846
60800 37.5967 -402.04 3.64844
60900 37.7172 -401.353 3.65061
61000 37.8379 -401.962 3.65202
61100 37.9588 -402.053 3.64911
61200 38.0799 -401.916 3.65057
61300 38.2011 -402.256 3.65042
61400 38.3226 -401.735 3.65111
61500 38.4443 -401.72 3.65115
61600 38.5661 -401.824 3.65343
61700 38.6882 -402.159 3.65219
61800 38.8105 -402.239 3.65212
61900 38.9329 -401.574 3.65087
62000 39.0556 -401.957 3.65045
62100 39.1785 -401.901 3.65153
62200 39.3015 -402.19 3.65022
62300 39.4248 -402.293 3.64948
62400 39.5482 -402.308 3.65024
62500 39.6719 -402.139 3.65029
62600 39.7957 -402.227 3.64931
62700 39.9198 -402.861 3.64948
62800 40.044 -402.576 3.64828
62900 40.1685 -401.535 3.64615
63000 40.2931 -402.269 3.64408
63100 40.4179 -402.012 3.64382
63200 40.543 -402.415 3.64138
63300 40.6682 -402.203 3.64042
63400 40.7936 -402.468 3.64405
63500 40.9193 -402.602 3.64374
63600 41.0451 -402.891 3.64554
63700 41.1711 -402.442 3.64358
63800 41.2974 -403.048 3.64731
63900 41.4238 -402.78 3.65063
64000 41.5504 -402.591 3.65327
64100 41.6772 -402.752 3.65392
64200 41.8042 -402.716 3.65035
64300 41.9315 -402.593 3.6517
64400 42.0589 -402.105 3.65001
64500 42.1865 -402.692 3.64837
64600 42.3143 -402.405 3.64891
64700 42.4423 -402.541 3.64748
64800 42.5705 -402.423 3.65221
64900 42.6989 -402.717 3.65152
65000 42.8275 -402.569 3.65002
65100 42.9563 -402.685 3.6517
65200 43.0853 -402.442 3.65442
65300 43.2145 -402.306 3.65326
65400 43.3439 -402.686 3.65792
65500 43.4735 -402.76 3.65665
65600 43.6033 -402.999 3.65686
65700 43.7333 -402.677 3.65587
65800 43.8634 -402.854 3.65754
65900 43.9938 -403.098 3.65563
66000 44.1244 -403.064 3.6547
66100 44.2552 -402.896 3.65666
66200 44.3862 -402.84 3.65466
66300 44.5173 -402.829 3.65495
66400 44.6487 -403.183 3.65535
66500 44.7803 -402.928 3.65223
66600 44.912 -402.933 3.65187
66700 45.044 -403.176 3.65154
66800 45.1762 -403.057 3.65038
66900 45.3085 -402.821 3.65199
67000 45.4411 -403.362 3.65255
67100 45.5739 -403.119 3.65289
67200 45.7068 -402.718 3.6531
67300 45.84 -403.686 3.65199
67400 45.9733 -403.611 3.65217
67500 46.1069 -403.497 3.65123
67600 46.2406 -403.112 3.65019
67700 46.3746 -402.921 3.64892
67800 46.5087 -403.099 3.64937
67900 46.6431 -402.836 3.65404
68000 46.7776 -403.63 3.65452
68100 46.9123 -403.741 3.65721
68200 47.0473 -403.666 3.65895
68300 47.1824 -403.793 3.66098
68400 47.3177 -403.442 3.66188
68500 47.4533 -403.64 3.66211
68600 47.589 -403.37 3.65856
68700 47.7249 -403.11 3.65897
68800 47.8611 -403.643 3.65792
68900 47.9974 -403.554 3.65799
69000 48.1339 -403.375 3.65695
69100 48.2706 -403.562 3.65738
69200 48.4075 -403.624 3.65166
69300 48.5447 -403.497 3.65062
69400 48.682 -403.664 3.65069
69500 48.8195 -403.487 3.64927
69600 48.9572 -403.419 3.65014
69700 49.0951 -403.599 3.64907
69800 49.2332 -403.267 3.64954
69900 49.3715 -403.312 3.64399
70000 49.51 -403.575 3.64509
70100 49.6487 -403.982 3.64569
70200 49.7876 -404.017 3.64592
70300 49.9267 -403.73 3.6463
70400 50.066 -403.571 3.64718
70500 50.2055 -403.566 3.64576
70600 50.3452 -403.354 3.64713
70700 50.4851 -403.568 3.64971
70800 50.6251 -403.707 3.64775
70900 50.7654 -403.751 3.65136
71000 50.9059 -403.651 3.65539
71100 51.0466 -403.67 3.65606
71200 51.1875 -403.574 3.65881
71300 51.3285 -403.686 3.65701
71400 51.4698 -404.001 3.65802
71500 51.6113 -403.504 3.65909
71600 51.7529 -403.837 3.66055
71700 51.8948 -403.531 3.66205
71800 52.0369 -403.826 3.66205
71900 52.1791 -404.212 3.65911
72000 52.3216 -403.89 3.6627
72100 52.4643 -403.691 3.65984
72200 52.6071 -403.939 3.65988
72300 52.7502 -404.085 3.66229
72400 52.8934 -404.09 3.66146
72500 53.0369 -403.826 3.66097
72600 53.1805 -404.05 3.66102
72700 53.3244 -404.09 3.66377
72800 53.4684 -404.276 3.66404
72900 53.6127 -404.037 3.66733
73000 53.7571 -404.058 3.66467
73100 53.9017 -403.873 3.66853
73200 54.0466 -403.788 3.66902
73300 54.1916 -403.981 3.66796
73400 54.3368 -403.636 3.66902
73500 54.4823 -403.796 3.67057
73600 54.6279 -404.043 3.67315
73700 54.7737 -403.874 3.67735
73800 54.9198 -403.592 3.67535
73900 55.066 -403.905 3.67475
74000 55.2124 -403.839 3.67705
74100 55.359 -403.538 3.67845
74200 55.5058 -403.532 3.67883
74300 55.6529 -403.785 3.67701
74400 55.8001 -404.017 3.67849
74500 55.9475 -403.238 3.67787
74600 56.0951 -403.484 3.67537
74700 56.2429 -403.378 3.67432
74800 56.3909 -403.424 3.67385
74900 56.5391 -403.59 3.67645
75000 56.6875 -396.543 3.67995
75100 56.8361 -400.784 3.67975
75200 56.9849 -400.833 3.67853
75300 57.1339 -400.756 3.67675
75400 57.2831 -400.923 3.67631
75500 57.4325 -400.839 3.67884
75600 57.5821 -400.99 3.68091
75700 57.7319 -400.907 3.67877
75800 57.8818 -401.2 3.67859
75900 58.032 -400.747 3.68076
76000 58.1824 -401.191 3.68058
76100 58.333 -401.028 3.68502
76200 58.4838 -400.918 3.68473
76300 58.6347 -401.141 3.68541
76400 58.7859 -401.321 3.68427
76500 58.9373 -401.318 3.68663
76600 59.0888 -401.163 3.68747
76700 59.2406 -400.91 3.68763
76800 59.3926 -400.716 3.6876
76900 59.5447 -401.068 3.69011
77000 59.6971 -401.108 3.69098
77100 59.8497 -401.081 3.6894
77200 60.0024 -401.263 3.69427
77300 60.1554 -401.081 3.69445
77400 60.3085 -400.663 3.69533
77500 60.4619 -401.453 3.69679
77600 60.6154 -401.598 3.69718
77700 60.7692 -401.2 3.699
77800 60.9231 -401.32 3.69798
77900 61.0773 -401.462 3.69678
78000 61.2316 -401.652 3.69619
78100 61.3861 -401.523 3.69624
78200 61.5409 -401.57 3.6947
78300 61.6958 -401.564 3.6969
78400 61.8509 -401.58 3.6963
78500 62.0063 -401.531 3.69479
78600 62.1618 -401.711 3.69495
78700 62.3175 -401.458 3.69468
78800 62.4735 -401.601 3.69422
78900 62.6296 -401.414 3.6946
79000 62.7859 -401.465 3.69253
79100 62.9424 -401.097 3.69411
79200 63.0991 -401.502 3.69289
79300 63.2561 -401.714 3.69452
79400 63.4132 -401.27 3.6946
79500 63.5705 -401.818 3.69494
79600 63.728 -401.722 3.69875
79700 63.8857 -401.775 3.69693
79800 64.0436 -401.57 3.69577
79900 64.2017 -401.677 3.69526
80000 64.36 -401.64 3.69474
80100 64.5185 -401.728 3.69431
80200 64.6772 -401.632 3.69708
80300 64.8361 -400.837 3.69856
80400 64.9952 -401.445 3.70383
80500 65.1545 -401.43 3.70593
80600 65.314 -401.595 3.70795
80700 65.4737 -401.828 3.70703
80800 65.6335 -401.913 3.7089
80900 65.7936 -401.838 3.70898
81000 65.9539 -401.707 3.71173
81100 66.1144 -401.694 3.71443
81200 66.2751 -401.015 3.71406
81300 66.4359 -401.554 3.71289
81400 66.597 -401.535 3.71487
81500 66.7583 -401.734 3.71281
81600 66.9197 -401.531 3.71231
81700 67.0814 -401.189 3.71758
81800 67.2433 -401.977 3.71799
81900 67.4053 -401.711 3.72022
82000 67.5676 -401.886 3.72101
82100 67.7301 -401.609 3.7186
82200 67.8927 -401.774 3.71845
82300 68.0556 -401.425 3.71982
82400 68.2186 -401.7 3.71936
82500 68.3819 -401.52 3.71821
82600 68.5453 -401.595 3.71843
82700 68.709 -401.712 3.71592
82800 68.8728 -401.353 3.71882
82900 69.0369 -401.248 3.71801
83000 69.2011 -401.182 3.71887
83100 69.3655 -401.378 3.71779
83200 69.5302 -401.625 3.72003
83300 69.695 -401.289 3.72046
83400 69.86 -401.15 3.72008
83500 70.0253 -401.334 3.71528
83600 70.1907 -401.554 3.71151
83700 70.3563 -401.096 3.71189
83800 70.5222 -401.328 3.71112
83900 70.6882 -401.365 3.71328
84000 70.8544 -401.42 3.71193
84100 71.0208 -401.842 3.71444
84200 71.1874 -401.769 3.71027
84300 71.3543 -401.87 3.70764
84400 71.5213 -401.278 3.71114
84500 71.6885 -402.158 3.71261
84600 71.8559 -401.512 3.71071
84700 72.0235 -401.319 3.71167
84800 72.1913 -401.615 3.71268
84900 72.3593 -401.59 3.7098
85000 72.5275 -401.856 3.70963
85100 72.6959 -401.822 3.71073
85200 72.8645 -401.813 3.71095
85300 73.0333 -401.763 3.71034
85400 73.2023 -401.888 3.71054
85500 73.3715 -401.76 3.71154
85600 73.5409 -401.799 3.71134
85700 73.7105 -402.054 3.71234
85800 73.8802 -402.033 3.71321
85900 74.0502 -401.676 3.71681
86000 74.2204 -401.717 3.71925
86100 74.3908 -401.247 3.72301
86200 74.5614 -401.509 3.72265
86300 74.7321 -401.912 3.72528
86400 74.9031 -401.698 3.72752
86500 75.0743 -401.621 3.72846
86600 75.2456 -401.722 3.72549
86700 75.4172 -401.83 3.72324
86800 75.589 -401.492 3.72234
86900 75.7609 -401.805 3.72176
87000 75.9331 -401.639 3.71951
87100 76.1055 -400.903 3.71737
87200 76.278 -401.633 3.71985
87300 76.4508 -401.819 3.71979
87400 76.6237 -401.553 3.7209
87500 76.7969 -401.544 3.72149
87600 76.9702 -401.866 3.72507
87700 77.1438 -401.913 3.72557
87800 77.3175 -401.419 3.72504
87900 77.4915 -401.561 3.72642
88000 77.6656 -401.629 3.72765
88100 77.8399 -401.48 3.73069
88200 78.0145 -401.564 3.72899
88300 78.1892 -401.419 3.7305
88400 78.3641 -401.363 3.73063
88500 78.5393 -401.7 3.72934
88600 78.7146 -401.63 3.73067
88700 78.8901 -401.47 3.72809
88800 79.0659 -401.243 3.72763
88900 79.2418 -401.548 3.72523
89000 79.4179 -401.318 3.7238
89100 79.5942 -401.945 3.72593
89200 79.7707 -401.94 3.72438
89300 79.9475 -402.06 3.72394
89400 80.1244 -402.02 3.72296
89500 80.3015 -402.127 3.71948
89600 80.4788 -402.08 3.717
89700 80.6563 -401.908 3.71583
89800 80.834 -402.015 3.71457
89900 81.0119 -401.976 3.71429
90000 81.19 -401.622 3.71164
90100 81.3683 -401.778 3.71668
90200 81.5468 -401.529 3.71363
90300 81.7255 -401.996 3.71475
90400 81.9044 -401.755 3.714
90500 82.0835 -401.945 3.71492
90600 82.2628 -402.154 3.71723
90700 82.4423 -402.158 3.71649
90800 82.6219 -402.053 3.71725
90900 82.8018 -401.742 3.71613
91000 82.9819 -401.661 3.71203
91100 83.1622 -401.994 3.715
91200 83.3427 -401.955 3.72011
91300 83.5233 -402.074 3.72077
91400 83.7042 -401.821 3.72184
91500 83.8853 -402.094 3.72265
91600 84.0665 -401.935 3.72167
91700 84.248 -401.839 3.72108
91800 84.4297 -402.022 3.72003
91900 84.6115 -402.15 3.71527
92000 84.7936 -401.881 3.71803
92100 84.9759 -402.138 3.71564
92200 85.1583 -402.2 3.71624
92300 85.341 -402.115 3.71716
92400 85.5238 -402.229 3.71491
92500 85.7069 -402.144 3.7164
92600 85.8901 -401.976 3.71579
92700 86.0736 -402.228 3.71764
92800 86.2572 -402.068 3.72127
92900 86.4411 -402.131 3.72183
93000 86.6251 -402.013 3.72474
93100 86.8093 -402.001 3.72461
93200 86.9938 -401.828 3.7228
93300 87.1784 -401.851 3.72086
93400 87.3632 -402.103 3.71995
93500 87.5483 -401.882 3.7211
93600 87.7335 -401.587 3.71646
93700 87.9189 -401.586 3.71851
93800 88.1046 -401.698 3.71926
93900 88.2904 -402.016 3.71915
94000 88.4764 -402.089 3.72242
94100 88.6626 -402.128 3.72262
94200 88.849 -402.008 3.72208
94300 89.0357 -401.808 3.72149
94400 89.2225 -402.188 3.72425
94500 89.4095 -402.145 3.72115
94600 89.5967 -402.123 3.72072
94700 89.7841 -402.162 3.72239
94800 89.9717 -402.193 3.72063
94900 90.1595 -401.921 3.72462
95000 90.3475 -402.116 3.72654
95100 90.5357 -402.269 3.72912
95200 90.7241 -402.085 3.7286
95300 90.9127 -401.883 3.72423
95400 91.1015 -402.177 3.72371
95500 91.2905 -402.137 3.71911
95600 91.4797 -402.169 3.72079
95700 91.6691 -402.273 3.72086
95800 91.8586 -402.017 3.72139
95900 92.0484 -401.961 3.72081
96000 92.2384 -401.951 3.71951
96100 92.4286 -402.074 3.72303
96200 92.619 -402.208 3.72134
96300 92.8095 -402.149 3.72071
96400 93.0003 -402.318 3.71855
96500 93.1913 -402.414 3.71609
96600 93.3824 -402.428 3.71187
96700 93.5738 -402.555 3.70976
96800 93.7654 -402.516 3.71114
96900 93.9571 -402.218 3.70975
97000 94.1491 -402.323 3.70868
97100 94.3413 -402.528 3.71254
97200 94.5336 -402.354 3.70996
97300 94.7262 -402.336 3.71234
97400 94.9189 -402.311 3.71338
97500 95.1119 -402.023 3.71347
97600 95.305 -402.204 3.71459
97700 95.4984 -402.243 3.71234
97800 95.6919 -402.367 3.7149
97900 95.8857 -402.117 3.71344
98000 96.0796 -402.291 3.71415
98100 96.2737 -402.232 3.71809
98200 96.4681 -402.149 3.71677
98300 96.6626 -402.109 3.71523
98400 96.8573 -402.591 3.71645
98500 97.0523 -402.321 3.71546
98600 97.2474 -402.262 3.7115
98700 97.4427 -402.505 3.71156
98800 97.6383 -402.348 3.71283
98900 97.834 -402.611 3.71488
99000 98.0299 -402.544 3.71163
99100 98.226 -402.541 3.71563
99200 98.4223 -402.634 3.71568
99300 98.6189 -402.194 3.71736
99400 98.8156 -402.397 3.71926
99500 99.0125 -402.32 3.71997
99600 99.2096 -402.634 3.72176
99700 99.4069 -402.465 3.72008
99800 99.6044 -402.407 3.71834
99900 99.8021 -402.349 3.71598
100000 100 -402.585 3.71754
