100 1 2111.09 2.50138
200 1 2081.66 2.50556
300 1 2012.36 2.51067
400 1 2007.36 2.5139
500 1 2023.28 2.51787
600 1 1999.27 2.52044
700 1 1966 2.52287
800 1 1962.54 2.52741
900 1 1946.93 2.52861
1000 1 1942.09 2.52915
1100 1 1958.4 2.53219
1200 1 1930.83 2.53337
1300 1 1939.33 2.53567
1400 1 1939.32 2.53723
1500 1 1901 2.53949
1600 1 1903.05 2.54021
1700 1 1925.87 2.54254
1800 1 1885.22 2.54638
1900 1 1897.89 2.54766
2000 1 1871.01 2.55036
2100 1 1863.61 2.55162
2200 1 1851.04 2.55541
2300 1 1857.29 2.55667
2400 1 1859.31 2.55577
2500 1 1860.7 2.55891
2600 1 1841.87 2.55992
2700 1 1865.45 2.56168
2800 1 1857.09 2.56459
2900 1 1857.34 2.56609
3000 1 1817.42 2.57037
3100 1 1809.23 2.57329
3200 1 1825.51 2.57319
3300 1 1830.3 2.57546
3400 1 1791.92 2.5784
3500 1 1802.35 2.58055
3600 1 1772.09 2.58592
3700 1 1762.51 2.58943
3800 1 1771.01 2.58959
3900 1 1748.27 2.59353
4000 1 1785.02 2.59493
4100 1 1750.52 2.59721
4200 1 1724.23 2.60259
4300 1 1709.52 2.60533
4400 1 1724.71 2.61021
4500 1 1694.48 2.61491
4600 1 1685.78 2.61662
4700 1 1690.81 2.62043
4800 1 1665.92 2.6231
4900 1 1646.26 2.62741
5000 1 1664.42 2.62934
5100 1 1641.9 2.63303
5200 1 1637.79 2.6363
5300 1 1638.13 2.6385
5400 1 1632.69 2.64058
5500 1 1629.29 2.64271
5600 1 1630.94 2.6452
5700 1.00001 1600.26 2.64714
5800 1.00001 1613.14 2.64939
5900 1.00001 1627.69 2.65166
6000 1.00001 1602.16 2.65202
6100 1.00001 1611.66 2.65331
6200 1.00001 1597.61 2.65572
6300 1.00001 1599.62 2.66007
6400 1.00001 1575.91 2.66221
6500 1.00001 1564.45 2.66262
6600 1.00001 1591.03 2.66385
6700 1.00001 1560.27 2.66755
6800 1.00001 1543.83 2.66913
6900 1.00001 1545.96 2.67279
7000 1.00002 1545.11 2.67495
7100 1.00002 1551.26 2.67609
7200 1.00002 1534.27 2.68193
7300 1.00002 1530.34 2.68494
7400 1.00002 1528.7 2.6869
7500 1.00002 1515.17 2.68859
7600 1.00002 1550.33 2.69135
7700 1.00002 1515.99 2.69351
7800 1.00003 1517.92 2.69604
7900 1.00003 1506.02 2.69605
8000 1.00003 1503.31 2.69914
8100 1.00003 1498.75 2.69886
8200 1.00003 1482.35 2.69977
8300 1.00004 1483.52 2.70459
8400 1.00004 1490.11 2.70822
8500 1.00004 1477.08 2.70793
8600 1.00004 1471.48 2.70894
8700 1.00004 1471.66 2.71091
8800 1.00005 1441.1 2.7159
8900 1.00005 1444.63 2.71766
9000 1.00005 1435.15 2.72022
9100 1.00006 1445.3 2.72368
9200 1.00006 1436.46 2.72458
9300 1.00006 1434.78 2.72657
9400 1.00007 1414.44 2.73216
9500 1.00007 1435.73 2.73395
9600 1.00007 1415.92 2.73674
9700 1.00008 1403.7 2.74
9800 1.00008 1400.83 2.74199
9900 1.00009 1390.95 2.74377
10000 1.00009 1407.78 2.74591
10100 1.00009 1405.56 2.74736
10200 1.0001 1392.46 2.74786
10300 1.0001 1402.01 2.74761
10400 1.00011 1409.39 2.74793
10500 1.00011 1373.28 2.7509
10600 1.00012 1369.13 2.75301
10700 1.00013 1359.89 2.75339
10800 1.00013 1365.6 2.75529
10900 1.00014 1373.29 2.75648
11000 1.00014 1378.42 2.75812
11100 1.00015 1364.78 2.76319
11200 1.00016 1331.05 2.76771
11300 1.00017 1324.11 2.76897
11400 1.00017 1329.54 2.773
11500 1.00018 1319.37 2.77616
11600 1.00019 1317.45 2.77875
11700 1.0002 1313.42 2.78136
11800 1.00021 1298.17 2.78576
11900 1.00021 1294.62 2.78741
12000 1.00022 1309.74 2.79209
12100 1.00023 1294.29 2.79433
12200 1.00024 1279.82 2.79562
12300 1.00025 1282.19 2.79809
12400 1.00026 1267.01 2.79801
12500 1.00027 1249.44 2.80136
12600 1.00029 1271.61 2.80315
12700 1.0003 1254.68 2.80589
12800 1.00031 1228.84 2.80859
12900 1.00032 1238.55 2.81006
13000 1.00033 1241.21 2.81106
13100 1.00035 1236.16 2.81393
13200 1.00036 1250.79 2.81863
13300 1.00037 1242.61 2.82071
13400 1.00039 1231.77 2.82261
13500 1.0004 1232.57 2.82495
13600 1.00042 1212.28 2.82797
13700 1.00043 1215.2 2.83084
13800 1.00045 1189.82 2.83079
13900 1.00047 1211.16 2.83331
14000 1.00048 1196.62 2.83694
14100 1.0005 1175.58 2.83976
14200 1.00052 1191.18 2.84351
14300 1.00054 1184.46 2.84364
14400 1.00056 1172.62 2.84485
14500 1.00058 1173.89 2.84634
14600 1.0006 1190.67 2.84829
14700 1.00062 1173.62 2.8498
14800 1.00064 1165.78 2.85139
14900 1.00066 1171.27 2.8532
15000 1.00068 1171.25 2.85619
15100 1.00071 1170.9 2.8587
15200 1.00073 1161.12 2.8599
15300 1.00075 1150.66 2.86436
15400 1.00078 1143.1 2.86742
15500 1.00081 1143.39 2.86917
15600 1.00083 1125.84 2.86902
15700 1.00086 1136.84 2.87029
15800 1.00089 1144.27 2.87307
15900 1.00091 1135.08 2.87456
16000 1.00094 1125.84 2.87691
16100 1.00097 1138.72 2.87762
16200 1.001 1127.51 2.87902
16300 1.00104 1117.01 2.88043
16400 1.00107 1112.78 2.88303
16500 1.0011 1105.55 2.88352
16600 1.00113 1096.15 2.88453
16700 1.00117 1102.77 2.88795
16800 1.0012 1087.27 2.89047
16900 1.00124 1086.38 2.89518
17000 1.00128 1099.44 2.89679
17100 1.00132 1094.38 2.89701
17200 1.00135 1081.6 2.90002
17300 1.00139 1062.9 2.9021
17400 1.00144 1069.05 2.90314
17500 1.00148 1077.91 2.90478
17600 1.00152 1069.8 2.90746
17700 1.00156 1073.71 2.91128
17800 1.00161 1070.13 2.91381
17900 1.00165 1038.58 2.91753
18000 1.0017 1035.42 2.91993
18100 1.00175 1062.91 2.92254
18200 1.0018 1028 2.92493
18300 1.00185 1026.35 2.92763
18400 1.0019 1024.77 2.92897
18500 1.00195 1030.95 2.93111
18600 1.002 1010.45 2.93499
18700 1.00206 1011.92 2.93553
18800 1.00211 998.67 2.93843
18900 1.00217 1015.5 2.93944
19000 1.00223 1013.45 2.94051
19100 1.00229 1017.5 2.94177
19200 1.00235 1009.37 2.94201
19300 1.00241 987.057 2.94674
19400 1.00247 992.978 2.94872
19500 1.00254 1012.3 2.94893
19600 1.0026 984.486 2.95152
19700 1.00267 1000.13 2.95438
19800 1.00274 982.831 2.95606
19900 1.00281 972.804 2.95502
20000 1.00288 986.458 2.95588
20100 1.00295 976.928 2.95868
20200 1.00303 958.739 2.96035
20300 1.0031 974.026 2.96273
20400 1.00318 959.572 2.96329
20500 1.00326 957.125 2.96523
20600 1.00334 968.166 2.96946
20700 1.00342 940.572 2.97073
20800 1.0035 956.937 2.97055
20900 1.00359 969.155 2.96973
21000 1.00368 947.779 2.97326
21100 1.00376 952.948 2.97909
21200 1.00385 945.443 2.98192
21300 1.00395 944.337 2.98405
21400 1.00404 924.277 2.98684
21500 1.00413 929.388 2.98977
21600 1.00423 914.17 2.99152
21700 1.00433 930.621 2.98996
21800 1.00443 917.835 2.99125
21900 1.00453 920.655 2.99523
22000 1.00464 901.53 2.99729
22100 1.00474 899.46 3.00088
22200 1.00485 909.075 3.00247
22300 1.00496 899.224 3.00618
22400 1.00508 894.387 3.00958
22500 1.00519 899.353 3.01068
22600 1.00531 878.11 3.01707
22700 1.00542 882.558 3.02153
22800 1.00555 869.511 3.02413
22900 1.00567 858.73 3.02562
23000 1.00579 864.935 3.02709
23100 1.00592 852.951 3.03019
23200 1.00605 840.4 3.0316
23300 1.00618 856.316 3.03346
23400 1.00631 862.255 3.03771
23500 1.00645 840.969 3.04075
23600 1.00659 838.669 3.04274
23700 1.00673 836.311 3.04416
23800 1.00687 832.359 3.04761
23900 1.00702 812.416 3.04763
24000 1.00717 843.651 3.04859
24100 1.00732 859.244 3.05016
24200 1.00747 821.196 3.05114
24300 1.00763 846.539 3.05288
24400 1.00778 823.123 3.05259
24500 1.00794 824.073 3.05469
24600 1.00811 841.453 3.0587
24700 1.00827 819.545 3.06106
24800 1.00844 816.751 3.06295
24900 1.00861 837.289 3.0629
25000 1.00879 820.249 3.06471
25100 1.00897 803.051 3.06602
25200 1.00915 808.296 3.06785
25300 1.00933 821.87 3.06834
25400 1.00952 786.034 3.07256
25500 1.0097 794.75 3.07505
25600 1.0099 762.733 3.0795
25700 1.01009 786.466 3.08166
25800 1.01029 758.347 3.08161
25900 1.01049 759.946 3.0839
26000 1.01069 793.527 3.08769
26100 1.0109 761.585 3.09163
26200 1.01111 763.816 3.0945
26300 1.01132 774.029 3.09604
26400 1.01154 751.793 3.09637
26500 1.01176 681.91 3.0975
26600 1.01199 773.252 3.10069
26700 1.01221 749.269 3.10286
26800 1.01244 757.082 3.10627
26900 1.01268 762.216 3.10659
27000 1.01291 747.742 3.11066
27100 1.01315 745.981 3.11584
27200 1.0134 732.743 3.11722
27300 1.01365 723.481 3.12051
27400 1.0139 715.137 3.12407
27500 1.01415 742.039 3.12578
27600 1.01441 708.725 3.12596
27700 1.01468 697.951 3.129
27800 1.01494 721.752 3.13072
27900 1.01521 714.561 3.13347
28000 1.01549 694.244 3.1389
28100 1.01577 692.865 3.14069
28200 1.01605 698.517 3.14207
28300 1.01634 686.071 3.14765
28400 1.01663 699.245 3.1489
28500 1.01692 664.553 3.15094
28600 1.01722 655.08 3.15471
28700 1.01752 661.854 3.15768
28800 1.01783 689.659 3.15886
28900 1.01814 663.752 3.1604
29000 1.01846 682.331 3.16076
29100 1.01878 643.603 3.16146
29200 1.01911 626.863 3.1602
29300 1.01943 679.092 3.15898
29400 1.01977 690.528 3.16054
29500 1.02011 628.901 3.16357
29600 1.02045 649.848 3.16575
29700 1.0208 675.901 3.16755
29800 1.02115 678.29 3.16789
29900 1.02151 676.982 3.17154
30000 1.02187 655.559 3.17471
30100 1.02224 650.536 3.17657
30200 1.02261 649.885 3.17967
30300 1.02299 667.562 3.18269
30400 1.02337 631.639 3.18397
30500 1.02375 631.664 3.18654
30600 1.02415 552.094 3.18886
30700 1.02454 576.369 3.19101
30800 1.02495 640.163 3.19217
30900 1.02535 647.406 3.19288
31000 1.02577 632.119 3.19497
31100 1.02618 601.343 3.19829
31200 1.02661 649.69 3.1987
31300 1.02704 597.586 3.20134
31400 1.02747 568.886 3.20347
31500 1.02791 545.138 3.20519
31600 1.02836 630.631 3.20791
31700 1.02881 625.264 3.20776
31800 1.02927 625.165 3.21195
31900 1.02973 609.509 3.21354
32000 1.0302 614.051 3.21802
32100 1.03067 565.769 3.2195
32200 1.03115 623.379 3.22225
32300 1.03164 586.604 3.22528
32400 1.03213 572.084 3.22635
32500 1.03263 526.229 3.22814
32600 1.03314 598.3 3.23003
32700 1.03365 542.435 3.23291
32800 1.03417 569.44 3.2377
32900 1.03469 594.985 3.23876
33000 1.03522 526.906 3.23863
33100 1.03576 537.662 3.24031
33200 1.0363 451.716 3.24384
33300 1.03685 509.016 3.24512
33400 1.03741 588.593 3.24598
33500 1.03797 443.452 3.24482
33600 1.03854 439.448 3.24729
33700 1.03912 456.801 3.25077
33800 1.0397 470.525 3.25422
33900 1.04029 528.507 3.25803
34000 1.04089 535.109 3.26012
34100 1.0415 394.773 3.26258
34200 1.04211 476.648 3.26142
34300 1.04273 441.938 3.2642
34400 1.04335 408.767 3.26626
34500 1.04399 320.666 3.2676
34600 1.04463 308.616 3.2699
34700 1.04528 278.46 3.27472
34800 1.04593 425.847 3.27516
34900 1.0466 518.376 3.27635
35000 1.04727 386.936 3.2776
35100 1.04795 472.393 3.28047
35200 1.04864 300.364 3.28365
35300 1.04933 365.623 3.28365
35400 1.05003 238.985 3.28247
35500 1.05074 488.036 3.28638
35600 1.05146 445.794 3.29027
35700 1.05219 334.866 3.29109
35800 1.05292 306.031 3.29206
35900 1.05367 240.289 3.29523
36000 1.05442 373.246 3.29926
36100 1.05518 265.035 3.3002
36200 1.05595 248.929 3.29841
36300 1.05673 404.799 3.29719
36400 1.05751 334.856 3.29635
36500 1.05831 445.783 3.301
36600 1.05911 315.827 3.30347
36700 1.05992 400.724 3.30629
36800 1.06074 69.0105 3.31044
36900 1.06157 15.8678 3.3103
37000 1.06241 -70.199 3.31097
37100 1.06326 -121.072 3.3101
37200 1.06411 10.0748 3.31256
37300 1.06498 -193.038 3.31653
37400 1.06586 -117.109 3.32035
37500 1.06674 -247.674 3.32064
37600 1.06764 -268.467 3.32205
37700 1.06854 -205.694 3.31971
37800 1.06945 -242.891 3.31926
37900 1.07038 -178.914 3.32165
38000 1.07131 -263.018 3.32468
38100 1.07225 -311.416 3.32668
38200 1.07321 -316.465 3.32597
38300 1.07417 -293.12 3.32574
38400 1.07514 -290.032 3.32503
38500 1.07613 -307.596 3.32631
38600 1.07712 -317.447 3.32822
38700 1.07813 -318.311 3.32891
38800 1.07914 -310.124 3.33212
38900 1.08017 -306.189 3.32809
39000 1.0812 -305.8 3.32716
39100 1.08225 -292.286 3.32775
39200 1.08331 -291.054 3.32901
39300 1.08437 -298.823 3.32772
39400 1.08545 -320.855 3.3297
39500 1.08654 -330.078 3.32956
39600 1.08764 -302.176 3.32872
39700 1.08876 -306.428 3.33174
39800 1.08988 -330.141 3.33143
39900 1.09101 -304.788 3.32919
40000 1.09216 -343.323 3.33025
40100 1.09332 -305.935 3.32694
40200 1.09449 -340.28 3.32814
40300 1.09567 -331.348 3.32901
40400 1.09686 -333.662 3.3289
40500 1.09807 -341.507 3.33272
40600 1.09928 -346.76 3.33368
40700 1.10051 -333.752 3.33652
40800 1.10175 -342.754 3.3379
40900 1.10301 -280.143 3.33904
41000 1.10427 -353.862 3.34306
41100 1.10555 -322.879 3.34238
41200 1.10684 -340.601 3.34279
41300 1.10814 -331.554 3.34752
41400 1.10946 -346.795 3.35046
41500 1.11079 -316.076 3.349
41600 1.11213 -339.876 3.35022
41700 1.11348 -333.869 3.35087
41800 1.11485 -322.679 3.35097
41900 1.11623 -347.102 3.35034
42000 1.11762 -344.238 3.35125
42100 1.11903 -301.187 3.35042
42200 1.12045 -325.85 3.34972
42300 1.12188 -332.007 3.34951
42400 1.12333 -326.318 3.34915
42500 1.12479 -331.387 3.35287
42600 1.12627 -324.934 3.35448
42700 1.12776 -330.045 3.35693
42800 1.12926 -322.054 3.35833
42900 1.13078 -332.12 3.36071
43000 1.13231 -317.548 3.36052
43100 1.13385 -318.74 3.3614
43200 1.13541 -169.864 3.36144
43300 1.13699 -313.703 3.3626
43400 1.13858 -311.039 3.36124
43500 1.14018 -322.586 3.36167
43600 1.1418 -331.234 3.3647
43700 1.14343 -315.044 3.3658
43800 1.14508 -305.914 3.36406
43900 1.14675 -305.628 3.36543
44000 1.14842 -331.161 3.36632
44100 1.15012 -338.127 3.36893
44200 1.15183 -315.752 3.36729
44300 1.15355 -316.286 3.36818
44400 1.15529 -320.724 3.36893
44500 1.15705 -330.903 3.36872
44600 1.15882 -336.825 3.37285
44700 1.16061 -329.772 3.37442
44800 1.16242 -329.22 3.37299
44900 1.16424 -336.154 3.37181
45000 1.16608 -325.372 3.37284
45100 1.16793 -336.46 3.37376
45200 1.1698 -306.477 3.37245
45300 1.17169 -324.059 3.37488
45400 1.17359 -323.778 3.37574
45500 1.17551 -330.753 3.37295
45600 1.17745 -336.219 3.37397
45700 1.1794 -342.889 3.3739
45800 1.18137 -335.67 3.3759
45900 1.18336 -336.61 3.37615
46000 1.18537 -339.96 3.37672
46100 1.18739 -336.522 3.378
46200 1.18943 -309.546 3.37807
46300 1.19149 -341.957 3.38088
46400 1.19357 -331.685 3.38209
46500 1.19566 -341.37 3.38333
46600 1.19778 -269.585 3.38588
46700 1.19991 -346.537 3.38671
46800 1.20206 -319.18 3.38864
46900 1.20422 -335.307 3.38815
47000 1.20641 -332.81 3.3897
47100 1.20862 -320.703 3.38886
47200 1.21084 -331.904 3.38787
47300 1.21308 -339.321 3.3911
47400 1.21534 -298.49 3.38898
47500 1.21763 -335.917 3.38757
47600 1.21993 -346.187 3.38906
47700 1.22225 -324.742 3.39039
47800 1.22459 -323.12 3.38953
47900 1.22694 -347.423 3.39057
48000 1.22932 -326.704 3.39335
48100 1.23172 -300.422 3.39282
48200 1.23414 -316.393 3.39128
48300 1.23658 -329.909 3.39353
48400 1.23904 -332.114 3.39435
48500 1.24152 -336.248 3.39492
48600 1.24402 -323.544 3.39694
48700 1.24654 -340.843 3.39987
48800 1.24908 -344.472 3.403
48900 1.25164 -334.108 3.40373
49000 1.25423 -333.229 3.40491
49100 1.25683 -340.026 3.40529
49200 1.25946 -326.731 3.40295
49300 1.26211 -346.686 3.40239
49400 1.26478 -323.657 3.4008
49500 1.26747 -355.928 3.40208
49600 1.27018 -331.585 3.40484
49700 1.27291 -340.832 3.40578
49800 1.27567 -338.865 3.40786
49900 1.27845 -340.192 3.40348
50000 1.28125 -329.142 3.4018
50100 1.28407 -341.082 3.40192
50200 1.28692 -327.847 3.40093
50300 1.28979 -345.688 3.4007
50400 1.29268 -324.523 3.40102
50500 1.2956 -342.141 3.40283
50600 1.29853 -303.931 3.40174
50700 1.3015 -315.972 3.39955
50800 1.30448 -337.713 3.4007
50900 1.30749 -336.061 3.40332
51000 1.31052 -344.201 3.40392
51100 1.31358 -339.895 3.40484
51200 1.31666 -347.559 3.40475
51300 1.31976 -341.261 3.40572
51400 1.32289 -338.747 3.40694
51500 1.32605 -341.997 3.40614
51600 1.32922 -333.288 3.40804
51700 1.33243 -334.142 3.40664
51800 1.33565 -330.634 3.40784
51900 1.33891 -329.56 3.40676
52000 1.34218 -331.28 3.40642
52100 1.34549 -346.453 3.40499
52200 1.34881 -348.94 3.40784
52300 1.35217 -356.484 3.41045
52400 1.35555 -336.115 3.41028
52500 1.35895 -352.579 3.41181
52600 1.36239 -355.79 3.41086
52700 1.36584 -342.09 3.41137
52800 1.36933 -345.903 3.41097
52900 1.37284 -340.295 3.41296
53000 1.37638 -345.035 3.41288
53100 1.37994 -323.973 3.41075
53200 1.38353 -347.344 3.41057
53300 1.38715 -347.387 3.41383
53400 1.39079 -345.176 3.41609
53500 1.39447 -332.559 3.41686
53600 1.39817 -337.644 3.41802
53700 1.4019 -352.872 3.42147
53800 1.40565 -346.71 3.41986
53900 1.40944 -350.072 3.4195
54000 1.41325 -348.135 3.4177
54100 1.41709 -347.863 3.41752
54200 1.42096 -343.845 3.41193
54300 1.42486 -329.397 3.41324
54400 1.42878 -370.698 3.41451
54500 1.43274 -347.873 3.41634
54600 1.43672 -345.33 3.41685
54700 1.44074 -331.801 3.41571
54800 1.44478 -321.652 3.41681
54900 1.44885 -355.105 3.41731
55000 1.45296 -347.698 3.41682
55100 1.45709 -345.226 3.41974
55200 1.46125 -338.451 3.42097
55300 1.46544 -328.362 3.42275
55400 1.46967 -326.271 3.42555
55500 1.47392 -343.07 3.42424
55600 1.47821 -331.679 3.42557
55700 1.48252 -350.611 3.42725
55800 1.48687 -341.745 3.42874
55900 1.49125 -362.509 3.43077
56000 1.49566 -345.796 3.4322
56100 1.5001 -358.553 3.43175
56200 1.50457 -334.956 3.43074
56300 1.50908 -349.684 3.43314
56400 1.51362 -350.568 3.43721
56500 1.51818 -351.183 3.43741
56600 1.52279 -340.364 3.43898
56700 1.52742 -362.733 3.44146
56800 1.53209 -366.085 3.44188
56900 1.53679 -351.299 3.44053
57000 1.54152 -346.032 3.44363
57100 1.54629 -345.917 3.44084
57200 1.55109 -352.863 3.44055
57300 1.55592 -336.651 3.43885
57400 1.56079 -344.385 3.43679
57500 1.56569 -344.034 3.43742
57600 1.57063 -328.216 3.43925
57700 1.5756 -342.161 3.44222
57800 1.58061 -354.134 3.44324
57900 1.58565 -335.364 3.44375
58000 1.59072 -333.97 3.44183
58100 1.59583 -348.668 3.43769
58200 1.60098 -351.874 3.43818
58300 1.60616 -345.119 3.43875
58400 1.61137 -326.843 3.43824
58500 1.61663 -329.496 3.43559
58600 1.62191 -352.839 3.43788
58700 1.62724 -349.11 3.44069
58800 1.6326 -352.183 3.44044
58900 1.638 -348.188 3.44062
59000 1.64343 -347.435 3.44029
59100 1.6489 -366.864 3.44049
59200 1.65441 -358.078 3.43902
59300 1.65996 -350.534 3.43946
59400 1.66554 -365.979 3.44056
59500 1.67116 -355.207 3.43972
59600 1.67682 -356.009 3.44359
59700 1.68252 -345.296 3.443
59800 1.68825 -337.165 3.44394
59900 1.69403 -353.019 3.44309
60000 1.69984 -358.791 3.44207
60100 1.70569 -349.211 3.44205
60200 1.71158 -353.972 3.44354
60300 1.71751 -358.945 3.44432
60400 1.72348 -354.881 3.44165
60500 1.72949 -345.263 3.44261
60600 1.73554 -347.958 3.44132
60700 1.74163 -352.472 3.44053
60800 1.74776 -348.775 3.44016
60900 1.75393 -354.038 3.43978
61000 1.76014 -352.501 3.44059
61100 1.76639 -312.747 3.44082
61200 1.77268 -317.337 3.44055
61300 1.77901 -334.25 3.44053
61400 1.78539 -352.245 3.43989
61500 1.7918 -358.897 3.44066
61600 1.79826 -339.955 3.44154
61700 1.80476 -333.417 3.43979
61800 1.81131 -352.648 3.44087
61900 1.81789 -364.132 3.44147
62000 1.82452 -352.246 3.44024
62100 1.83119 -345.423 3.43956
62200 1.8379 -349.334 3.43678
62300 1.84466 -351.587 3.43742
62400 1.85146 -359.953 3.43876
62500 1.85831 -353.763 3.43595
62600 1.8652 -358.05 3.43528
62700 1.87213 -352.353 3.43604
62800 1.8791 -352.598 3.43383
62900 1.88613 -365.742 3.43318
63000 1.89319 -351.116 3.43258
63100 1.9003 -350.396 3.43217
63200 1.90746 -355.46 3.43465
63300 1.91466 -356.715 3.43214
63400 1.92191 -365.074 3.43087
63500 1.9292 -368.522 3.43183
63600 1.93654 -340.516 3.43411
63700 1.94393 -367.627 3.43422
63800 1.95136 -326.521 3.43776
63900 1.95884 -355.914 3.43872
64000 1.96637 -356.258 3.44022
64100 1.97394 -357.978 3.43966
64200 1.98156 -356.947 3.43932
64300 1.98923 -362.632 3.43913
64400 1.99695 -357.425 3.44205
64500 2.00471 -359.928 3.44274
64600 2.01252 -334.936 3.44401
64700 2.02038 -359.771 3.44559
64800 2.02829 -367.065 3.44364
64900 2.03625 -358.101 3.44431
65000 2.04426 -356.744 3.44718
65100 2.05232 -375.247 3.44492
65200 2.06043 -355.525 3.44651
65300 2.06858 -366.353 3.44804
65400 2.07679 -355.286 3.44867
65500 2.08505 -351.877 3.4505
65600 2.09336 -343.726 3.45026
65700 2.10172 -327.888 3.45064
65800 2.11013 -365.008 3.45055
65900 2.11859 -356.758 3.45302
66000 2.1271 -357.86 3.45338
66100 2.13566 -359.57 3.45806
66200 2.14428 -368.706 3.46113
66300 2.15295 -354.786 3.46279
66400 2.16167 -354.555 3.46392
66500 2.17044 -357.809 3.4668
66600 2.17927 -361.745 3.46769
66700 2.18815 -346.695 3.46495
66800 2.19708 -358.046 3.46686
66900 2.20607 -356.641 3.46912
67000 2.21511 -354.17 3.46963
67100 2.22421 -372.24 3.47131
67200 2.23336 -356.578 3.46923
67300 2.24256 -356.726 3.47005
67400 2.25182 -359.449 3.47013
67500 2.26113 -374.351 3.47075
67600 2.2705 -365.044 3.47142
67700 2.27993 -369.26 3.47322
67800 2.28941 -353.261 3.4731
67900 2.29895 -366.649 3.47381
68000 2.30854 -349.498 3.47537
68100 2.31819 -348.975 3.47815
68200 2.3279 -347.61 3.48003
68300 2.33766 -359.736 3.48065
68400 2.34748 -370.053 3.48324
68500 2.35736 -360.872 3.4851
68600 2.3673 -359.986 3.4875
68700 2.37729 -365.391 3.49192
68800 2.38735 -366.459 3.4942
68900 2.39746 -336.445 3.49433
69000 2.40763 -370.573 3.49271
69100 2.41786 -343.381 3.49075
69200 2.42815 -362.75 3.49012
69300 2.4385 -361.256 3.4911
69400 2.4489 -362.32 3.48942
69500 2.45937 -368.946 3.48972
69600 2.4699 -360.501 3.49019
69700 2.48049 -358.901 3.49201
69800 2.49114 -365.791 3.4914
69900 2.50186 -362.918 3.49308
70000 2.51263 -349.823 3.49207
70100 2.52347 -363.917 3.492
70200 2.53436 -363.481 3.49538
70300 2.54532 -367.662 3.49682
70400 2.55634 -364.977 3.49662
70500 2.56743 -374.039 3.49567
70600 2.57858 -358.85 3.49588
70700 2.58979 -361.237 3.49453
70800 2.60106 -362.264 3.49644
70900 2.6124 -350.457 3.49864
71000 2.62381 -363.436 3.49676
71100 2.63527 -361.492 3.50014
71200 2.64681 -370.505 3.50055
71300 2.6584 -361.877 3.50087
71400 2.67007 -372.382 3.49884
71500 2.68179 -372.119 3.49766
71600 2.69359 -360.447 3.50191
71700 2.70545 -358.532 3.50203
71800 2.71737 -355.448 3.50106
71900 2.72937 -369.224 3.50057
72000 2.74143 -359.793 3.50192
72100 2.75355 -370.223 3.50108
72200 2.76575 -359.806 3.50288
72300 2.77801 -364.852 3.5028
72400 2.79034 -362 3.505
72500 2.80274 -382.952 3.50317
72600 2.8152 -356.937 3.50219
72700 2.82774 -359.555 3.5003
72800 2.84035 -363.97 3.5016
72900 2.85302 -362.18 3.5042
73000 2.86576 -375.464 3.50696
73100 2.87858 -383.804 3.50771
73200 2.89146 -372.141 3.5097
73300 2.90442 -343.312 3.51004
73400 2.91744 -363.871 3.51211
73500 2.93054 -371.657 3.51178
73600 2.94371 -374.337 3.51421
73700 2.95695 -382.93 3.51364
73800 2.97026 -385.051 3.51262
73900 2.98365 -363.529 3.51309
74000 2.99711 -376.698 3.5153
74100 3.01064 -364.878 3.51558
74200 3.02424 -362.9 3.51784
74300 3.03792 -362.245 3.51821
74400 3.05167 -355.653 3.52006
74500 3.06549 -373.259 3.52114
74600 3.07939 -378.942 3.52251
74700 3.09337 -370.558 3.52357
74800 3.10742 -372.029 3.52483
74900 3.12154 -378.528 3.52153
75000 3.13574 -361.551 3.52193
75100 3.15002 -361.549 3.52269
75200 3.16437 -363.431 3.52328
75300 3.1788 -369.05 3.51993
75400 3.19331 -373.412 3.51952
75500 3.20789 -373.986 3.51936
75600 3.22255 -319.479 3.52169
75700 3.23729 -375.275 3.52077
75800 3.2521 -367.744 3.52302
75900 3.267 -375.073 3.52185
76000 3.28197 -363.403 3.52174
76100 3.29703 -370.272 3.52366
76200 3.31216 -367.547 3.52965
76300 3.32737 -366.358 3.53464
76400 3.34266 -374.902 3.53403
76500 3.35803 -372.579 3.53549
76600 3.37348 -368.013 3.53925
76700 3.38902 -363.146 3.53905
76800 3.40463 -371.825 3.53642
76900 3.42033 -368.46 3.53665
77000 3.43611 -378.624 3.53942
77100 3.45197 -377.928 3.54354
77200 3.46791 -382.384 3.54164
77300 3.48393 -366.931 3.54124
77400 3.50004 -379.859 3.54185
77500 3.51623 -368.49 3.54288
77600 3.53251 -378.601 3.54065
77700 3.54887 -385.36 3.54018
77800 3.56531 -375.008 3.54651
77900 3.58184 -369.379 3.54578
78000 3.59846 -379.728 3.54794
78100 3.61516 -364.337 3.5479
78200 3.63194 -385.755 3.54685
78300 3.64881 -387.233 3.54722
78400 3.66577 -363.288 3.54573
78500 3.68282 -381.415 3.54706
78600 3.69995 -358.554 3.54904
78700 3.71717 -373.824 3.54897
78800 3.73447 -375.789 3.5474
78900 3.75187 -372.123 3.54928
79000 3.76935 -387.378 3.55209
79100 3.78692 -362.682 3.55589
79200 3.80458 -369.242 3.55608
79300 3.82233 -386.09 3.55683
79400 3.84017 -363.015 3.55869
79500 3.8581 -374.838 3.55878
79600 3.87613 -375.855 3.55997
79700 3.89424 -377.724 3.55808
79800 3.91244 -377.989 3.55979
79900 3.93073 -360.992 3.56134
80000 3.94912 -369.069 3.56027
80100 3.9676 -371.878 3.56553
80200 3.98617 -383.074 3.56393
80300 4.00483 -384.877 3.5649
80400 4.02359 -378.537 3.56646
80500 4.04244 -369.66 3.56473
80600 4.06138 -384.88 3.56597
80700 4.08042 -385.885 3.56576
80800 4.09955 -374.165 3.56339
80900 4.11878 -381.291 3.56585
81000 4.13811 -381.501 3.56537
81100 4.15752 -390.441 3.56608
81200 4.17704 -381.711 3.56872
81300 4.19665 -380.665 3.5684
81400 4.21636 -381.889 3.56626
81500 4.23616 -383.004 3.56492
81600 4.25607 -379.023 3.56274
81700 4.27607 -371.028 3.56557
81800 4.29617 -372.472 3.57072
81900 4.31636 -381.712 3.57434
82000 4.33666 -389.504 3.57686
82100 4.35705 -374.839 3.57411
82200 4.37755 -373.725 3.57109
82300 4.39814 -378.761 3.5716
82400 4.41884 -391.555 3.57228
82500 4.43963 -364.692 3.57255
82600 4.46053 -392.407 3.57413
82700 4.48153 -369.257 3.57482
82800 4.50263 -371.013 3.57537
82900 4.52383 -377.389 3.57269
83000 4.54514 -383.575 3.57265
83100 4.56654 -372.075 3.57181
83200 4.58806 -367.817 3.57321
83300 4.60967 -383.343 3.57059
83400 4.63139 -381.643 3.57166
83500 4.65321 -381.545 3.57604
83600 4.67514 -379.602 3.57753
83700 4.69717 -371.248 3.57722
83800 4.71931 -380.085 3.58097
83900 4.74156 -379.626 3.58127
84000 4.76391 -383.244 3.58416
84100 4.78637 -379.326 3.58548
84200 4.80893 -389.151 3.58572
84300 4.8316 -381.955 3.585
84400 4.85438 -382.374 3.58262
84500 4.87727 -374.364 3.58414
84600 4.90027 -375.476 3.58866
84700 4.92337 -374.406 3.58819
84800 4.94659 -392.925 3.5902
84900 4.96991 -381.104 3.59035
85000 4.99335 -385.255 3.59526
85100 5.01689 -391.652 3.59669
85200 5.04055 -393.218 3.59737
85300 5.06432 -386.156 3.5986
85400 5.0882 -383.769 3.59712
85500 5.11219 -375.514 3.59638
85600 5.13629 -383.278 3.60032
85700 5.16051 -377.316 3.59723
85800 5.18484 -383.243 3.60099
85900 5.20928 -374.108 3.60297
86000 5.23384 -384.236 3.60576
86100 5.25852 -382.918 3.60334
86200 5.2833 -373.583 3.60442
86300 5.30821 -391.667 3.60478
86400 5.33322 -388.883 3.60407
86500 5.35836 -351.215 3.60361
86600 5.38361 -371.953 3.60451
86700 5.40898 -382.686 3.60718
86800 5.43446 -385.817 3.60701
86900 5.46007 -369.017 3.60733
87000 5.48579 -384.232 3.60709
87100 5.51163 -384.344 3.60644
87200 5.53759 -372.875 3.60915
87300 5.56366 -386.818 3.61028
87400 5.58986 -369.778 3.61072
87500 5.61618 -393.961 3.61087
87600 5.64262 -385.347 3.61194
87700 5.66918 -391.775 3.60984
87800 5.69586 -393.4 3.60927
87900 5.72266 -393.879 3.61218
88000 5.74959 -374.133 3.61428
88100 5.77663 -391.355 3.61267
88200 5.80381 -358.592 3.61236
88300 5.8311 -391.522 3.61503
88400 5.85852 -390.524 3.61444
88500 5.88606 -387.842 3.61288
88600 5.91373 -376.558 3.61316
88700 5.94152 -384.029 3.61371
88800 5.96944 -387.966 3.61304
88900 5.99748 -390.625 3.61303
89000 6.02565 -393.815 3.61433
89100 6.05395 -392.891 3.61377
89200 6.08238 -393.823 3.61662
89300 6.11093 -384.281 3.61848
89400 6.13961 -371.001 3.61739
89500 6.16842 -395.847 3.61664
89600 6.19736 -383.492 3.61571
89700 6.22643 -391.214 3.61962
89800 6.25562 -392.759 3.61814
89900 6.28495 -395.026 3.62085
90000 6.31441 -392.609 3.61908
90100 6.344 -385.869 3.61805
90200 6.37372 -380.147 3.62178
90300 6.40358 -395.354 3.61868
90400 6.43356 -395.796 3.61785
90500 6.46368 -385.889 3.61617
90600 6.49393 -395.205 3.61661
90700 6.52432 -395.307 3.61721
90800 6.55484 -394.119 3.6157
90900 6.5855 -396.18 3.61302
91000 6.61629 -383.704 3.61282
91100 6.64722 -386.531 3.61356
91200 6.67828 -393.045 3.61248
91300 6.70948 -394.528 3.61438
91400 6.74081 -395.715 3.61742
91500 6.77229 -386.522 3.61808
91600 6.8039 -390.411 3.61876
91700 6.83565 -385.387 3.61757
91800 6.86754 -386.415 3.61817
91900 6.89957 -381.306 3.61611
92000 6.93173 -385.666 3.61779
92100 6.96404 -396.559 3.61635
92200 6.99649 -371.61 3.61445
92300 7.02908 -389.316 3.61485
92400 7.06181 -392.569 3.61613
92500 7.09468 -394.508 3.61495
92600 7.1277 -381.034 3.61701
92700 7.16086 -392.642 3.61812
92800 7.19416 -377.497 3.61969
92900 7.22761 -388.764 3.62043
93000 7.2612 -395.824 3.61863
93100 7.29493 -393.251 3.614
93200 7.32881 -394.646 3.61568
93300 7.36284 -370.519 3.62059
93400 7.39701 -394.599 3.62008
93500 7.43133 -386.661 3.62405
93600 7.46579 -394.601 3.624
93700 7.50041 -384.506 3.6276
93800 7.53517 -393.462 3.62919
93900 7.57008 -370.656 3.6304
94000 7.60514 -387.568 3.62954
94100 7.64034 -381.662 3.63002
94200 7.6757 -399.46 3.63367
94300 7.71121 -373.376 3.62888
94400 7.74687 -392.927 3.63035
94500 7.78268 -385.548 3.6271
94600 7.81865 -383.819 3.62767
94700 7.85476 -389.487 3.62788
94800 7.89103 -387.845 3.62498
94900 7.92745 -387.572 3.62259
95000 7.96403 -378.041 3.61886
95100 8.00076 -388.671 3.61917
95200 8.03764 -387.764 3.62023
95300 8.07468 -392.834 3.626
95400 8.11188 -387.552 3.62796
95500 8.14923 -381.695 3.62832
95600 8.18674 -384.071 3.6288
95700 8.22441 -375.555 3.62788
95800 8.26223 -386.651 3.6272
95900 8.30021 -378.787 3.62718
96000 8.33835 -380.189 3.63052
96100 8.37665 -388.173 3.63099
96200 8.41511 -381.323 3.63092
96300 8.45373 -380.925 3.62908
96400 8.49252 -394.717 3.63057
96500 8.53146 -395.018 3.6292
96600 8.57056 -386.436 3.62874
96700 8.60983 -379.708 3.62883
96800 8.64926 -394.466 3.63145
96900 8.68885 -377.906 3.63227
97000 8.72861 -383.948 3.63566
97100 8.76853 -379.472 3.63025
97200 8.80861 -392.977 3.6307
97300 8.84886 -392.876 3.63065
97400 8.88928 -374.281 3.63063
97500 8.92986 -388.488 3.63156
97600 8.97061 -388.21 3.63069
97700 9.01153 -382.647 3.62812
97800 9.05261 -380.066 3.63093
97900 9.09387 -362.775 3.63257
98000 9.13529 -383.91 3.63569
98100 9.17688 -380.146 3.6344
98200 9.21864 -390.1 3.63469
98300 9.26057 -393.943 3.63417
98400 9.30267 -376.473 3.63704
98500 9.34495 -386.999 3.63651
98600 9.38739 -397.843 3.63772
98700 9.43001 -396.238 3.6354
98800 9.47281 -398.212 3.63955
98900 9.51577 -396.088 3.63991
99000 9.55891 -395.736 3.64008
99100 9.60222 -381.773 3.64231
99200 9.64571 -376.523 3.64274
99300 9.68938 -386.437 3.6443
99400 9.73322 -393.297 3.64711
99500 9.77724 -397.618 3.64484
99600 9.82143 -384.306 3.64512
99700 9.86581 -386.049 3.64536
99800 9.91036 -397.953 3.64161
99900 9.95509 -396.685 3.64112
100000 10 -394.79 3.64282
