100 1.0001 5706.16 2.50287
200 1.0004 4457.57 2.508
300 1.00089 3841.26 2.5105
400 1.00158 3490.78 2.51319
500 1.00248 3276.08 2.51654
600 1.00356 3049.82 2.5194
700 1.00485 2899.69 2.52128
800 1.00634 2817.07 2.52296
900 1.00802 2698.02 2.52734
1000 1.0099 2598.34 2.53055
1100 1.01198 2547.6 2.53434
1200 1.01426 2497.64 2.53835
1300 1.01673 2432.64 2.54066
1400 1.0194 2380.44 2.54294
1500 1.02228 2308.72 2.54826
1600 1.02534 2267.49 2.55188
1700 1.02861 2240.27 2.5545
1800 1.03208 2199.32 2.55891
1900 1.03574 2163.64 2.56216
2000 1.0396 2151.22 2.56354
2100 1.04366 2119.01 2.56645
2200 1.04792 2101.16 2.57149
2300 1.05237 2075 2.57424
2400 1.05702 2057.45 2.5771
2500 1.06188 2019.21 2.57822
2600 1.06692 1997.14 2.57994
2700 1.07217 2011.57 2.58242
2800 1.07762 1978.19 2.58531
2900 1.08326 1950.27 2.5897
3000 1.0891 1936.46 2.59239
3100 1.09514 1923.85 2.59531
3200 1.10138 1894.68 2.59827
3300 1.10781 1882.33 2.60286
3400 1.11444 1855.63 2.60739
3500 1.12128 1866.42 2.61011
3600 1.1283 1838.54 2.61339
3700 1.13553 1818.57 2.61765
3800 1.14296 1790.19 2.62192
3900 1.15058 1773.09 2.62845
4000 1.1584 1748.52 2.63243
4100 1.16642 1730.57 2.63681
4200 1.17464 1717.15 2.64116
4300 1.18305 1710.78 2.64289
4400 1.19166 1688.33 2.64419
4500 1.20047 1680.67 2.64626
4600 1.20948 1661.67 2.65
4700 1.21869 1653.53 2.6527
4800 1.2281 1634.04 2.65673
4900 1.2377 1622.73 2.65865
5000 1.2475 1629.79 2.66
5100 1.2575 1615.06 2.66288
5200 1.2677 1617.71 2.66484
5300 1.27809 1596.97 2.66834
5400 1.28868 1597.19 2.66908
5500 1.29947 1575.98 2.67086
5600 1.31046 1578.66 2.67112
5700 1.32165 1561.59 2.67307
5800 1.33304 1554.23 2.67464
5900 1.34462 1547.81 2.6769
6000 1.3564 1536.31 2.68188
6100 1.36838 1539.74 2.68239
6200 1.38056 1523.53 2.68672
6300 1.39293 1514.59 2.68988
6400 1.4055 1508.32 2.69283
6500 1.41827 1496.66 2.6973
6600 1.43124 1495.35 2.69867
6700 1.44441 1478.09 2.70154
6800 1.45778 1471.21 2.70581
6900 1.47134 1461.54 2.7093
7000 1.4851 1450.31 2.71159
7100 1.49906 1445.92 2.71383
7200 1.51322 1441.83 2.71588
7300 1.52757 1429.69 2.71939
7400 1.54212 1429.7 2.7216
7500 1.55688 1421.87 2.72529
7600 1.57182 1400.32 2.73021
7700 1.58697 1401.91 2.72951
7800 1.60232 1404.6 2.73172
7900 1.61786 1406.65 2.73506
8000 1.6336 1385.66 2.73914
8100 1.64954 1375.4 2.744
8200 1.66568 1363.78 2.74732
8300 1.68201 1357.65 2.74914
8400 1.69854 1342.34 2.7523
8500 1.71528 1329.88 2.75699
8600 1.7322 1338.23 2.7591
8700 1.74933 1323.07 2.76358
8800 1.76666 1309.97 2.76641
8900 1.78418 1300.93 2.7699
9000 1.8019 1292.17 2.77434
9100 1.81982 1275.76 2.77919
9200 1.83794 1265.24 2.78306
9300 1.85625 1263.53 2.78521
9400 1.87476 1257.78 2.78797
9500 1.89348 1253.19 2.79137
9600 1.91238 1247.39 2.79352
9700 1.93149 1244.17 2.79659
9800 1.9508 1236.03 2.80219
9900 1.9703 1227.85 2.80688
10000 1.99 1218.75 2.80879
10100 2.0099 1213.45 2.81104
10200 2.03 1207.34 2.81358
10300 2.05029 1198.58 2.81723
10400 2.07078 1194.52 2.82074
10500 2.09147 1184.73 2.82468
10600 2.11236 1177.98 2.82773
10700 2.13345 1179.25 2.82874
10800 2.15474 1162.96 2.83418
10900 2.17622 1151.63 2.8395
11000 2.1979 1139.08 2.84603
11100 2.21978 1134.24 2.84902
11200 2.24186 1130.92 2.85349
11300 2.26413 1127.86 2.85446
11400 2.2866 1122.72 2.8589
11500 2.30927 1111.11 2.86042
11600 2.33214 1100.54 2.86563
11700 2.35521 1090.86 2.87126
11800 2.37848 1081.13 2.87531
11900 2.40194 1068.67 2.87977
12000 2.4256 1057.37 2.88284
12100 2.44946 1059.5 2.88658
12200 2.47352 1059.3 2.89036
12300 2.49777 1044.81 2.8961
12400 2.52222 1041.78 2.89789
12500 2.54688 1034.61 2.90283
12600 2.57172 1029.3 2.90801
12700 2.59677 1022.65 2.91059
12800 2.62202 1019.45 2.91406
12900 2.64746 1003.14 2.91929
13000 2.6731 999.624 2.92321
13100 2.69894 985.797 2.92805
13200 2.72498 978.014 2.93287
13300 2.75121 972.267 2.93838
13400 2.77764 964.792 2.9419
13500 2.80428 953.058 2.94506
13600 2.8311 938.314 2.94983
13700 2.85813 932.372 2.95424
13800 2.88536 931.326 2.95759
13900 2.91278 917.09 2.96177
14000 2.9404 909.169 2.9666
14100 2.96822 908.164 2.96896
14200 2.99624 898.281 2.97554
14300 3.02445 888.449 2.97806
14400 3.05286 878.496 2.98289
14500 3.08147 875.896 2.98859
14600 3.11028 867.991 2.99381
14700 3.13929 860.282 2.99974
14800 3.1685 850.987 3.00386
14900 3.1979 841.23 3.00926
15000 3.2275 837.522 3.01246
15100 3.2573 834.95 3.0162
15200 3.2873 824.36 3.0211
15300 3.31749 820.983 3.02469
15400 3.34788 809.117 3.03045
15500 3.37848 809.1 3.03524
15600 3.40926 802.196 3.04015
15700 3.44025 787.683 3.04502
15800 3.47144 785.154 3.04853
15900 3.50282 787.157 3.05126
16000 3.5344 773.853 3.0541
16100 3.56618 763.624 3.05854
16200 3.59816 760.383 3.06248
16300 3.63033 752.453 3.06821
16400 3.6627 752.191 3.07228
16500 3.69528 738.102 3.07759
16600 3.72804 723.194 3.08244
16700 3.76101 727.422 3.08619
16800 3.79418 723.797 3.09015
16900 3.82754 715.189 3.09466
17000 3.8611 707.609 3.10063
17100 3.89486 704.729 3.10557
17200 3.92882 689.162 3.10864
17300 3.96297 681.915 3.11224
17400 3.99732 687.255 3.1156
17500 4.03187 674.608 3.12029
17600 4.06662 674.937 3.12525
17700 4.10157 656.963 3.12889
17800 4.13672 641.323 3.13394
17900 4.17206 642.791 3.14125
18000 4.2076 652.187 3.14433
18100 4.24334 633.257 3.14985
18200 4.27928 638.631 3.15425
18300 4.31541 633.123 3.15827
18400 4.35174 628.692 3.1652
18500 4.38828 610.203 3.17165
18600 4.425 614.432 3.17729
18700 4.46193 585.679 3.18322
18800 4.49906 590.863 3.18716
18900 4.53638 584.145 3.19403
19000 4.5739 576.366 3.19785
19100 4.61162 561.594 3.20471
19200 4.64954 554.626 3.21104
19300 4.68765 535.35 3.21646
19400 4.72596 554.398 3.22076
19500 4.76448 533.897 3.22488
19600 4.80318 539.755 3.2308
19700 4.84209 518.857 3.23439
19800 4.8812 499.382 3.24061
19900 4.9205 525.785 3.247
20000 4.96 518.263 3.25462
20100 4.9997 492.115 3.25763
20200 5.0396 501.062 3.26491
20300 5.07969 490.272 3.2699
20400 5.11998 461.379 3.27494
20500 5.16047 454.491 3.27947
20600 5.20116 454.078 3.28355
20700 5.24205 460.367 3.29024
20800 5.28314 466.114 3.29462
20900 5.32442 460.039 3.29964
21000 5.3659 466.575 3.30567
21100 5.40758 427.292 3.30989
21200 5.44946 431.366 3.31738
21300 5.49153 436.724 3.32476
21400 5.5338 410.853 3.32786
21500 5.57627 442.449 3.33365
21600 5.61894 420.322 3.33845
21700 5.66181 388.647 3.3436
21800 5.70488 381.669 3.34806
21900 5.74814 395.798 3.35209
22000 5.7916 386.45 3.35571
22100 5.83526 369.836 3.3599
22200 5.87912 344.575 3.36415
22300 5.92317 360.168 3.36883
22400 5.96742 386.1 3.37291
22500 6.01188 380.421 3.37758
22600 6.05652 345.897 3.38397
22700 6.10137 338.764 3.38845
22800 6.14642 326.858 3.39627
22900 6.19166 352.009 3.40017
23000 6.2371 362.882 3.40601
23100 6.28274 363.395 3.40992
23200 6.32858 351.467 3.41451
23300 6.37461 354.316 3.42003
23400 6.42084 337.791 3.42625
23500 6.46727 333.288 3.43182
23600 6.5139 346.806 3.43574
23700 6.56073 325.664 3.44124
23800 6.60776 310.296 3.44663
23900 6.65498 298.795 3.45102
24000 6.7024 322.03 3.45512
24100 6.75002 330.625 3.45929
24200 6.79784 307.165 3.46487
24300 6.84585 306.666 3.47146
24400 6.89406 289.426 3.47728
24500 6.94247 275.426 3.48297
24600 6.99108 256.153 3.4878
24700 7.03989 262.334 3.49513
24800 7.0889 255.745 3.50192
24900 7.1381 253.755 3.50816
25000 7.1875 246.213 3.51525
25100 7.2371 255.036 3.51847
25200 7.2869 229.92 3.5239
25300 7.33689 237.166 3.52866
25400 7.38708 235.104 3.53632
25500 7.43748 216.831 3.54479
25600 7.48806 217.623 3.55063
25700 7.53885 213.328 3.55613
25800 7.58984 214.057 3.5608
25900 7.64102 179.74 3.56586
26000 7.6924 179.791 3.57174
26100 7.74398 171.838 3.57667
26200 7.79576 193.973 3.58263
26300 7.84773 190.22 3.58918
26400 7.8999 194.224 3.59594
26500 7.95228 161.266 3.60168
26600 8.00484 156.847 3.60675
26700 8.05761 182.887 3.61066
26800 8.11058 170.081 3.6162
26900 8.16374 169.176 3.61922
27000 8.2171 168.231 3.62631
27100 8.27066 153.72 3.63375
27200 8.32442 175.572 3.64085
27300 8.37837 158.518 3.64861
27400 8.43252 151.67 3.65512
27500 8.48688 146.247 3.66001
27600 8.54142 134.337 3.6666
27700 8.59617 121.758 3.67169
27800 8.65112 116.782 3.67873
27900 8.70626 111.827 3.68494
28000 8.7616 108.477 3.69041
28100 8.81714 103.976 3.69792
28200 8.87288 113.836 3.7045
28300 8.92881 113.346 3.70849
28400 8.98494 77.6795 3.71568
28500 9.04127 69.2974 3.72154
28600 9.0978 84.5426 3.72929
28700 9.15453 78.711 3.73483
28800 9.21146 65.1441 3.7386
28900 9.26858 80.1118 3.74539
29000 9.3259 64.0466 3.75143
29100 9.38342 59.6205 3.75712
29200 9.44114 72.8545 3.76448
29300 9.49905 80.7764 3.76871
29400 9.55716 77.1962 3.77517
29500 9.61547 77.7167 3.78015
29600 9.67398 74.7727 3.78497
29700 9.73269 94.3679 3.78752
29800 9.7916 107.19 3.79394
29900 9.8507 91.8468 3.79603
30000 9.91 81.535 3.80185
30100 9.9695 76.3693 3.80963
30200 10.0292 64.9742 3.81292
30300 10.0891 93.5994 3.81583
30400 10.1492 80.4935 3.81932
30500 10.2095 72.0191 3.82597
30600 10.27 60.0861 3.83254
30700 10.3307 67.9079 3.84106
30800 10.3915 58.6092 3.8473
30900 10.4526 11.227 3.84999
31000 10.5139 3.45286 3.85291
31100 10.5754 5.68037 3.85588
31200 10.6371 9.27262 3.86271
31300 10.6989 13.8324 3.87157
31400 10.761 12.477 3.87776
31500 10.8233 13.4723 3.8853
31600 10.8857 12.7166 3.89083
31700 10.9484 5.43395 3.89643
31800 11.0113 16.5244 3.90225
31900 11.0743 15.1075 3.9069
32000 11.1376 8.13911 3.91261
32100 11.2011 1.06662 3.91882
32200 11.2647 -8.14511 3.92305
32300 11.3286 2.68345 3.92733
32400 11.3926 1.19281 3.93231
32500 11.4569 -22.071 3.93911
32600 11.5213 -20.2732 3.94447
32700 11.586 -51.4741 3.94935
32800 11.6508 -76.2383 3.95346
32900 11.7159 -72.5375 3.9567
33000 11.7811 -98.599 3.96101
33100 11.8465 -99.526 3.96298
33200 11.9122 -137.242 3.96504
33300 11.978 -126.295 3.97118
33400 12.044 -120.902 3.97242
33500 12.1103 -164.244 3.97257
33600 12.1767 -169.758 3.97483
33700 12.2433 -184.531 3.97768
33800 12.3102 -158.609 3.97392
33900 12.3772 -232.643 3.97437
34000 12.4444 -214.873 3.9794
34100 12.5118 -241.956 3.97756
34200 12.5794 -263.023 3.97676
34300 12.6473 -265.424 3.98019
34400 12.7153 -282.802 3.97883
34500 12.7835 -274.009 3.97594
34600 12.8519 -269.498 3.97557
34700 12.9205 -281.652 3.97982
34800 12.9893 -311.481 3.98048
34900 13.0583 -324.443 3.98068
35000 13.1275 -308.57 3.98316
35100 13.1969 -327.88 3.98333
35200 13.2665 -324.08 3.98256
35300 13.3363 -332.415 3.98356
35400 13.4063 -329.559 3.98522
35500 13.4765 -304.596 3.98659
35600 13.5469 -337.638 3.98854
35700 13.6175 -332.803 3.98881
35800 13.6882 -333.451 3.98831
35900 13.7592 -337.576 3.98813
36000 13.8304 -340.016 3.98629
36100 13.9018 -342.409 3.99056
36200 13.9734 -343.98 3.99244
36300 14.0451 -344.772 3.99062
36400 14.1171 -324.718 3.98978
36500 14.1893 -322.43 3.98319
36600 14.2616 -324.631 3.98337
36700 14.3342 -341.098 3.98441
36800 14.407 -328.02 3.98841
36900 14.4799 -331.513 3.98775
37000 14.5531 -354.944 3.9873
37100 14.6265 -347.651 3.98862
37200 14.7 -338.799 3.98973
37300 14.7738 -355.126 3.98799
37400 14.8477 -348.542 3.98588
37500 14.9219 -349.132 3.98425
37600 14.9962 -322.039 3.98457
37700 15.0708 -332.506 3.98543
37800 15.1455 -344.213 3.98506
37900 15.2205 -341.758 3.98237
38000 15.2956 -321.769 3.98142
38100 15.3709 -351.537 3.98212
38200 15.4465 -338.277 3.9821
38300 15.5222 -352.367 3.98479
38400 15.5981 -336.46 3.98244
38500 15.6743 -334.425 3.98465
38600 15.7506 -347.39 3.98228
38700 15.8271 -355.009 3.97724
38800 15.9039 -347.01 3.97811
38900 15.9808 -343.652 3.97673
39000 16.0579 -353.68 3.97873
39100 16.1352 -355.045 3.97328
39200 16.2127 -339.767 3.97646
39300 16.2905 -346.41 3.97806
39400 16.3684 -351.245 3.97778
39500 16.4465 -356.633 3.97953
39600 16.5248 -350.288 3.98138
39700 16.6033 -340.517 3.98053
39800 16.682 -357.987 3.98412
39900 16.7609 -352.289 3.98383
40000 16.84 -347.318 3.98621
40100 16.9193 -347.143 3.98631
40200 16.9988 -354.795 3.9878
40300 17.0785 -356.528 3.98705
40400 17.1584 -357.246 3.98934
40500 17.2385 -351.496 3.98543
40600 17.3188 -355.508 3.98345
40700 17.3993 -357.513 3.97995
40800 17.4799 -357.946 3.98078
40900 17.5608 -352.297 3.97938
41000 17.6419 -355.367 3.97981
41100 17.7232 -353.257 3.98248
41200 17.8047 -355.655 3.98295
41300 17.8863 -360.02 3.98376
41400 17.9682 -361.035 3.98477
41500 18.0503 -365.218 3.98635
41600 18.1325 -352.505 3.98651
41700 18.215 -343.271 3.98769
41800 18.2977 -348.863 3.98909
41900 18.3805 -350.874 3.99399
42000 18.4636 -352.706 3.99509
42100 18.5469 -350.874 3.99795
42200 18.6303 -351.181 3.99497
42300 18.714 -344.325 3.99361
42400 18.7978 -354.088 3.99533
42500 18.8819 -362.041 3.99425
42600 18.9661 -361.952 3.99253
42700 19.0506 -362.656 3.99192
42800 19.1352 -363.569 3.98758
42900 19.2201 -363.567 3.98821
43000 19.3051 -363.542 3.99062
43100 19.3903 -363.828 3.99009
43200 19.4758 -364.292 3.98918
43300 19.5614 -363.889 3.98921
43400 19.6472 -363.549 3.99101
43500 19.7333 -366.18 3.99294
43600 19.8195 -367.302 3.99728
43700 19.9059 -366.855 3.99969
43800 19.9926 -372.246 3.99741
43900 20.0794 -373.353 4.00191
44000 20.1664 -374.429 4.00337
44100 20.2536 -374.282 4.00122
44200 20.341 -374.078 4.00348
44300 20.4287 -374.059 4.0073
44400 20.5165 -375.519 4.00777
44500 20.6045 -365.727 4.01221
44600 20.6927 -376.168 4.01314
44700 20.7811 -376.17 4.01762
44800 20.8697 -376.778 4.01589
44900 20.9585 -376.1 4.01856
45000 21.0475 -376.15 4.0179
45100 21.1367 -376.389 4.01913
45200 21.2261 -376.374 4.01812
45300 21.3157 -376.838 4.01642
45400 21.4055 -376.258 4.02293
45500 21.4955 -376.294 4.02287
45600 21.5857 -376.017 4.02578
45700 21.6761 -377.017 4.0248
45800 21.7666 -376.53 4.02541
45900 21.8574 -356.802 4.0271
46000 21.9484 -375.749 4.02675
46100 22.0396 -376.798 4.02499
46200 22.131 -376.413 4.02424
46300 22.2225 -376.857 4.02203
46400 22.3143 -376.568 4.02428
46500 22.4063 -376.748 4.02346
46600 22.4984 -376.193 4.02247
46700 22.5908 -376.404 4.02475
46800 22.6834 -376.835 4.02654
46900 22.7761 -377.047 4.03098
47000 22.8691 -365.342 4.03447
47100 22.9623 -376.526 4.03722
47200 23.0556 -376.481 4.03525
47300 23.1492 -376.821 4.03267
47400 23.2429 -375.991 4.03577
47500 23.3369 -368.484 4.03456
47600 23.431 -369.582 4.03733
47700 23.5254 -369.217 4.03363
47800 23.6199 -369.548 4.03333
47900 23.7147 -370.223 4.0344
48000 23.8096 -376.241 4.03779
48100 23.9047 -375.891 4.04073
48200 24.0001 -369.886 4.04472
48300 24.0956 -376.939 4.04546
48400 24.1913 -377.261 4.04794
48500 24.2873 -377.36 4.04512
48600 24.3834 -377.122 4.05089
48700 24.4797 -377.368 4.04712
48800 24.5763 -377.136 4.04704
48900 24.673 -377.48 4.05112
49000 24.7699 -377.553 4.05674
49100 24.867 -377.22 4.05582
49200 24.9643 -377.427 4.05742
49300 25.0619 -377.31 4.0547
49400 25.1596 -377.84 4.05511
49500 25.2575 -377.431 4.05382
49600 25.3556 -377.319 4.04981
49700 25.4539 -377.185 4.05533
49800 25.5524 -377.807 4.05458
49900 25.6511 -377.581 4.05486
50000 25.75 -377.817 4.05511
50100 25.8491 -377.409 4.05496
50200 25.9484 -378.132 4.05777
50300 26.0479 -377.831 4.06454
50400 26.1476 -366.093 4.06196
50500 26.2475 -377.159 4.06029
50600 26.3476 -368.354 4.06589
50700 26.4479 -377.017 4.06451
50800 26.5483 -377.541 4.06615
50900 26.649 -377.455 4.06416
51000 26.7499 -377.5 4.06365
51100 26.851 -377.814 4.06487
51200 26.9523 -377.903 4.06869
51300 27.0537 -378.075 4.06577
51400 27.1554 -378.012 4.06448
51500 27.2573 -377.324 4.06545
51600 27.3593 -377.603 4.064
51700 27.4616 -378.026 4.06415
51800 27.5641 -377.829 4.06743
51900 27.6667 -378.295 4.06501
52000 27.7696 -377.6 4.06456
52100 27.8727 -378.017 4.06438
52200 27.9759 -378.01 4.06508
52300 28.0794 -368.133 4.06814
52400 28.183 -368.348 4.07216
52500 28.2869 -377.589 4.0751
52600 28.3909 -358.256 4.07657
52700 28.4952 -369.86 4.07744
52800 28.5996 -370.425 4.07954
52900 28.7043 -376.991 4.08144
53000 28.8091 -377.501 4.0818
53100 28.9141 -356.789 4.07928
53200 29.0194 -377.486 4.0813
53300 29.1248 -377.662 4.08107
53400 29.2304 -377.843 4.07897
53500 29.3363 -378.034 4.07531
53600 29.4423 -377.352 4.07386
53700 29.5485 -377.34 4.07748
53800 29.655 -377.549 4.07954
53900 29.7616 -377.719 4.08095
54000 29.8684 -377.943 4.08209
54100 29.9754 -377.735 4.08276
54200 30.0826 -377.785 4.08215
54300 30.1901 -377.69 4.08506
54400 30.2977 -377.462 4.08244
54500 30.4055 -377.678 4.0845
54600 30.5135 -366.29 4.0849
54700 30.6217 -376.97 4.08354
54800 30.7301 -377.266 4.08435
54900 30.8387 -377.008 4.08561
55000 30.9475 -377.384 4.0874
55100 31.0565 -377.52 4.08369
55200 31.1657 -377.492 4.08548
55300 31.2751 -377.771 4.08587
55400 31.3847 -377.569 4.08402
55500 31.4945 -377.928 4.08696
55600 31.6045 -377.386 4.091
55700 31.7147 -377.74 4.09235
55800 31.825 -377.593 4.09282
55900 31.9356 -377.842 4.09417
56000 32.0464 -377.604 4.09272
56100 32.1574 -378.02 4.09128
56200 32.2686 -378.318 4.09011
56300 32.3799 -377.837 4.09234
56400 32.4915 -377.407 4.09448
56500 32.6033 -377.812 4.09581
56600 32.7152 -377.589 4.09786
56700 32.8274 -377.646 4.09788
56800 32.9398 -377.683 4.09963
56900 33.0523 -377.921 4.10284
57000 33.1651 -378.22 4.10274
57100 33.2781 -378.126 4.10628
57200 33.3912 -378.161 4.10903
57300 33.5046 -378.216 4.11052
57400 33.6181 -377.873 4.11351
57500 33.7319 -377.652 4.11726
57600 33.8458 -378.04 4.11712
57700 33.96 -378.325 4.11807
57800 34.0743 -378.181 4.12084
57900 34.1889 -378.522 4.12272
58000 34.3036 -378.749 4.12185
58100 34.4185 -378.518 4.12288
58200 34.5337 -378.216 4.11937
58300 34.649 -378.376 4.11659
58400 34.7645 -378.179 4.1142
58500 34.8803 -378.303 4.11639
58600 34.9962 -378.529 4.11632
58700 35.1123 -378.004 4.11777
58800 35.2287 -378.353 4.12064
58900 35.3452 -378.285 4.12323
59000 35.4619 -358.352 4.12267
59100 35.5788 -358.809 4.12352
59200 35.6959 -378.257 4.12466
59300 35.8133 -378.334 4.12781
59400 35.9308 -378.705 4.12648
59500 36.0485 -378.78 4.12996
59600 36.1664 -378.725 4.13188
59700 36.2845 -378.728 4.13647
59800 36.4028 -378.2 4.13916
59900 36.5213 -359.207 4.14042
60000 36.64 -378.877 4.14096
60100 36.7589 -378.416 4.1451
60200 36.878 -378.342 4.14506
60300 36.9973 -378.482 4.14145
60400 37.1168 -378.183 4.14343
60500 37.2365 -377.913 4.14173
60600 37.3564 -377.735 4.13827
60700 37.4765 -378.194 4.1416
60800 37.5967 -377.941 4.14088
60900 37.7172 -378.276 4.14311
61000 37.8379 -378.045 4.143
61100 37.9588 -378.473 4.14335
61200 38.0799 -377.828 4.14821
61300 38.2011 -377.974 4.14733
61400 38.3226 -378.205 4.14974
61500 38.4443 -378.026 4.15319
61600 38.5661 -377.926 4.15496
61700 38.6882 -378.218 4.15647
61800 38.8105 -378.062 4.15634
61900 38.9329 -377.9 4.15726
62000 39.0556 -359.744 4.15806
62100 39.1785 -363.009 4.16267
62200 39.3015 -364.48 4.1665
62300 39.4248 -370.045 4.16798
62400 39.5482 -375.025 4.16855
62500 39.6719 -376.524 4.17282
62600 39.7957 -368.707 4.17212
62700 39.9198 -377.403 4.17455
62800 40.044 -377.602 4.17355
62900 40.1685 -378.251 4.1708
63000 40.2931 -378.181 4.17445
63100 40.4179 -378.888 4.17662
63200 40.543 -378.435 4.17811
63300 40.6682 -378.415 4.18037
63400 40.7936 -378.643 4.18083
63500 40.9193 -378.404 4.17971
63600 41.0451 -378.719 4.17933
63700 41.1711 -378.537 4.18003
63800 41.2974 -378.364 4.18251
63900 41.4238 -378.994 4.18281
64000 41.5504 -378.658 4.18202
64100 41.6772 -378.58 4.1814
64200 41.8042 -378.726 4.1879
64300 41.9315 -378.493 4.18297
64400 42.0589 -378.526 4.18427
64500 42.1865 -378.369 4.18532
64600 42.3143 -378.765 4.18838
64700 42.4423 -378.505 4.187
64800 42.5705 -378.392 4.18921
64900 42.6989 -378.809 4.19083
65000 42.8275 -378.762 4.19302
65100 42.9563 -378.607 4.19249
65200 43.0853 -361.655 4.19305
65300 43.2145 -366.072 4.19789
65400 43.3439 -367.655 4.19881
65500 43.4735 -368.712 4.19867
65600 43.6033 -369.102 4.20267
65700 43.7333 -368.645 4.20385
65800 43.8634 -369.399 4.20616
65900 43.9938 -372.916 4.20946
66000 44.1244 -368.373 4.21075
66100 44.2552 -370.697 4.2119
66200 44.3862 -368.806 4.20996
66300 44.5173 -357.093 4.20914
66400 44.6487 -370.004 4.21088
66500 44.7803 -369.715 4.20985
66600 44.912 -369.938 4.20755
66700 45.044 -369.66 4.20898
66800 45.1762 -369.59 4.20836
66900 45.3085 -369.955 4.21008
67000 45.4411 -371.563 4.21148
67100 45.5739 -369.561 4.21266
67200 45.7068 -371.585 4.21568
67300 45.84 -369.198 4.21932
67400 45.9733 -369.104 4.22241
67500 46.1069 -369.774 4.2234
67600 46.2406 -372.613 4.22417
67700 46.3746 -374.67 4.22512
67800 46.5087 -368.218 4.22563
67900 46.6431 -369.001 4.22548
68000 46.7776 -368.447 4.22021
68100 46.9123 -368.561 4.22586
68200 47.0473 -368.268 4.22859
68300 47.1824 -374.352 4.23222
68400 47.3177 -375.07 4.23072
68500 47.4533 -375.197 4.23213
68600 47.589 -374.917 4.23395
68700 47.7249 -375.287 4.23494
68800 47.8611 -367.626 4.24004
68900 47.9974 -375.221 4.24407
69000 48.1339 -368.554 4.24935
69100 48.2706 -374.09 4.25091
69200 48.4075 -374.838 4.24691
69300 48.5447 -375.125 4.2484
69400 48.682 -375.45 4.24594
69500 48.8195 -375.033 4.24672
69600 48.9572 -375.377 4.24515
69700 49.0951 -375.402 4.25044
69800 49.2332 -366.596 4.24594
69900 49.3715 -369.139 4.24663
70000 49.51 -371.771 4.24403
70100 49.6487 -374.735 4.24396
70200 49.7876 -375.203 4.24472
70300 49.9267 -375.159 4.24616
70400 50.066 -374.984 4.24511
70500 50.2055 -368.296 4.24734
70600 50.3452 -369.09 4.24021
70700 50.4851 -374.296 4.24213
70800 50.6251 -374.54 4.23914
70900 50.7654 -374.439 4.23825
71000 50.9059 -375.052 4.23931
71100 51.0466 -375.271 4.23875
71200 51.1875 -368.745 4.23833
71300 51.3285 -369.209 4.24008
71400 51.4698 -374.299 4.23809
71500 51.6113 -374.919 4.23864
71600 51.7529 -375.099 4.24145
71700 51.8948 -374.804 4.24323
71800 52.0369 -374.944 4.24429
71900 52.1791 -375.071 4.24604
72000 52.3216 -363.816 4.24924
72100 52.4643 -374.745 4.24875
72200 52.6071 -374.972 4.24558
72300 52.7502 -375.2 4.24834
72400 52.8934 -374.952 4.24913
72500 53.0369 -374.615 4.25371
72600 53.1805 -375.115 4.25642
72700 53.3244 -374.805 4.25651
72800 53.4684 -374.864 4.25994
72900 53.6127 -375.061 4.26081
73000 53.7571 -366.218 4.26423
73100 53.9017 -369.034 4.26315
73200 54.0466 -374.907 4.26686
73300 54.1916 -375.267 4.26739
73400 54.3368 -374.871 4.26296
73500 54.4823 -375.108 4.26703
73600 54.6279 -374.81 4.26991
73700 54.7737 -375.019 4.26551
73800 54.9198 -375.164 4.26263
73900 55.066 -363.31 4.26511
74000 55.2124 -374.879 4.2649
74100 55.359 -375.21 4.26645
74200 55.5058 -375.164 4.26835
74300 55.6529 -375.22 4.26896
74400 55.8001 -375.285 4.26855
74500 55.9475 -375.386 4.27107
74600 56.0951 -365.306 4.26863
74700 56.2429 -374.917 4.26783
74800 56.3909 -375.344 4.26633
74900 56.5391 -375.21 4.26835
75000 56.6875 -375.126 4.27559
75100 56.8361 -375.192 4.27612
75200 56.9849 -375.014 4.27614
75300 57.1339 -375.409 4.27214
75400 57.2831 -375.208 4.27201
75500 57.4325 -375.252 4.27197
75600 57.5821 -375.188 4.27035
75700 57.7319 -367.26 4.27041
75800 57.8818 -373.537 4.27156
75900 58.032 -374.671 4.27181
76000 58.1824 -375.331 4.27081
76100 58.333 -367.996 4.27224
76200 58.4838 -374.886 4.27162
76300 58.6347 -375.265 4.27241
76400 58.7859 -375.014 4.27101
76500 58.9373 -375.455 4.27042
76600 59.0888 -367.735 4.27192
76700 59.2406 -374.206 4.27089
76800 59.3926 -374.697 4.27412
76900 59.5447 -374.946 4.27735
77000 59.6971 -374.777 4.27947
77100 59.8497 -374.972 4.27891
77200 60.0024 -375.303 4.27575
77300 60.1554 -375.125 4.2739
77400 60.3085 -375.16 4.27665
77500 60.4619 -375.108 4.2747
77600 60.6154 -365.318 4.27595
77700 60.7692 -368.984 4.27542
77800 60.9231 -373.316 4.27418
77900 61.0773 -375.04 4.27613
78000 61.2316 -366.601 4.27848
78100 61.3861 -369.274 4.28235
78200 61.5409 -369.649 4.28448
78300 61.6958 -372.999 4.28223
78400 61.8509 -375.388 4.28265
78500 62.0063 -375.002 4.28363
78600 62.1618 -375.57 4.28579
78700 62.3175 -366.949 4.28343
78800 62.4735 -375.259 4.28747
78900 62.6296 -375.24 4.28611
79000 62.7859 -344.868 4.28935
79100 62.9424 -375.378 4.2885
79200 63.0991 -375.349 4.2927
79300 63.2561 -375.231 4.29235
79400 63.4132 -359.173 4.29459
79500 63.5705 -369.202 4.29434
79600 63.728 -374.683 4.29806
79700 63.8857 -375.165 4.29647
79800 64.0436 -375.091 4.29798
79900 64.2017 -374.682 4.30336
80000 64.36 -375.101 4.30065
80100 64.5185 -375.244 4.29956
80200 64.6772 -375.198 4.3043
80300 64.8361 -375.13 4.30464
80400 64.9952 -374.986 4.30438
80500 65.1545 -375.532 4.3025
80600 65.314 -375.271 4.30013
80700 65.4737 -375.36 4.30205
80800 65.6335 -375.473 4.30376
80900 65.7936 -375.426 4.30586
81000 65.9539 -364.589 4.30134
81100 66.1144 -374.709 4.30009
81200 66.2751 -375.685 4.29897
81300 66.4359 -375.404 4.30601
81400 66.597 -375.528 4.30893
81500 66.7583 -375.274 4.30608
81600 66.9197 -375.116 4.30669
81700 67.0814 -375.407 4.30723
81800 67.2433 -375.335 4.30553
81900 67.4053 -367.464 4.30996
82000 67.5676 -368.274 4.30948
82100 67.7301 -368.547 4.31263
82200 67.8927 -361.226 4.31668
82300 68.0556 -366.35 4.31852
82400 68.2186 -369.41 4.31771
82500 68.3819 -358.104 4.32052
82600 68.5453 -371.954 4.32218
82700 68.709 -354.588 4.322
82800 68.8728 -374.675 4.32354
82900 69.0369 -374.985 4.32338
83000 69.2011 -374.876 4.321
83100 69.3655 -375.348 4.32025
83200 69.5302 -375.117 4.31905
83300 69.695 -375.152 4.31626
83400 69.86 -375.015 4.31324
83500 70.0253 -374.868 4.31543
83600 70.1907 -374.81 4.31819
83700 70.3563 -374.899 4.31987
83800 70.5222 -374.923 4.32145
83900 70.6882 -374.876 4.32364
84000 70.8544 -374.792 4.32596
84100 71.0208 -374.57 4.32743
84200 71.1874 -374.584 4.32862
84300 71.3543 -374.932 4.32714
84400 71.5213 -364.813 4.32759
84500 71.6885 -366.298 4.33021
84600 71.8559 -374.338 4.33508
84700 72.0235 -375.047 4.3364
84800 72.1913 -375.221 4.33802
84900 72.3593 -375.068 4.33984
85000 72.5275 -374.939 4.33403
85100 72.6959 -375.084 4.33647
85200 72.8645 -374.787 4.34092
85300 73.0333 -375.245 4.33931
85400 73.2023 -375.175 4.341
85500 73.3715 -375.104 4.34224
85600 73.5409 -375.2 4.34092
85700 73.7105 -375.212 4.33977
85800 73.8802 -375.361 4.33953
85900 74.0502 -375.395 4.33539
86000 74.2204 -365.127 4.33134
86100 74.3908 -375.528 4.33053
86200 74.5614 -357.687 4.32865
86300 74.7321 -362.822 4.33488
86400 74.9031 -367.149 4.33589
86500 75.0743 -368.492 4.33442
86600 75.2456 -368.316 4.33502
86700 75.4172 -373.972 4.33307
86800 75.589 -375.458 4.33463
86900 75.7609 -375.349 4.33257
87000 75.9331 -375.277 4.33403
87100 76.1055 -364.283 4.33365
87200 76.278 -375.202 4.33215
87300 76.4508 -375.374 4.33152
87400 76.6237 -375.339 4.33386
87500 76.7969 -375.236 4.33535
87600 76.9702 -375.378 4.33275
87700 77.1438 -375.418 4.33366
87800 77.3175 -375.062 4.33236
87900 77.4915 -375.147 4.33359
88000 77.6656 -375.166 4.33383
88100 77.8399 -375.322 4.33345
88200 78.0145 -375.398 4.33136
88300 78.1892 -375.311 4.32761
88400 78.3641 -375.287 4.32966
88500 78.5393 -375.193 4.32996
88600 78.7146 -367.894 4.3288
88700 78.8901 -369.512 4.32888
88800 79.0659 -375.226 4.33072
88900 79.2418 -375.323 4.33046
89000 79.4179 -368.648 4.32962
89100 79.5942 -371.235 4.32893
89200 79.7707 -375.157 4.33159
89300 79.9475 -375.683 4.3296
89400 80.1244 -375.316 4.32472
89500 80.3015 -375.448 4.3287
89600 80.4788 -375.539 4.32939
89700 80.6563 -375.374 4.32605
89800 80.834 -375.374 4.32655
89900 81.0119 -375.07 4.32839
90000 81.19 -375.24 4.33067
90100 81.3683 -375.269 4.32888
90200 81.5468 -375.34 4.33162
90300 81.7255 -375.325 4.32997
90400 81.9044 -375.164 4.32795
90500 82.0835 -375.276 4.32917
90600 82.2628 -375.295 4.33216
90700 82.4423 -375.346 4.33409
90800 82.6219 -375.07 4.33664
90900 82.8018 -375.242 4.33719
91000 82.9819 -375.283 4.33929
91100 83.1622 -375.338 4.33975
91200 83.3427 -375.239 4.33675
91300 83.5233 -375.185 4.33438
91400 83.7042 -375.114 4.33401
91500 83.8853 -375.078 4.33057
91600 84.0665 -375.275 4.33246
91700 84.248 -373.94 4.33205
91800 84.4297 -374.959 4.33063
91900 84.6115 -375.035 4.33031
92000 84.7936 -367.973 4.33356
92100 84.9759 -364.353 4.33346
92200 85.1583 -374.956 4.33326
92300 85.341 -375.063 4.33332
92400 85.5238 -375.221 4.33235
92500 85.7069 -374.953 4.33045
92600 85.8901 -375.135 4.33028
92700 86.0736 -374.997 4.3282
92800 86.2572 -375.197 4.33036
92900 86.4411 -375.185 4.33276
93000 86.6251 -375.017 4.33124
93100 86.8093 -375.026 4.33925
93200 86.9938 -374.958 4.3422
93300 87.1784 -375.13 4.3394
93400 87.3632 -374.751 4.34224
93500 87.5483 -375.239 4.3416
93600 87.7335 -375.144 4.34406
93700 87.9189 -375.095 4.34087
93800 88.1046 -374.922 4.3388
93900 88.2904 -375.282 4.33815
94000 88.4764 -374.896 4.33753
94100 88.6626 -375.206 4.33698
94200 88.849 -375.285 4.33483
94300 89.0357 -375.261 4.33543
94400 89.2225 -375.242 4.33293
94500 89.4095 -375.187 4.33735
94600 89.5967 -375.208 4.33741
94700 89.7841 -375.328 4.33658
94800 89.9717 -375.345 4.33907
94900 90.1595 -375.336 4.34101
95000 90.3475 -375.326 4.33515
95100 90.5357 -375.39 4.33325
95200 90.7241 -375.45 4.33731
95300 90.9127 -375.351 4.33507
95400 91.1015 -375.294 4.33687
95500 91.2905 -375.04 4.33797
95600 91.4797 -375.375 4.33991
95700 91.6691 -375.22 4.34184
95800 91.8586 -375.041 4.34207
95900 92.0484 -374.96 4.34018
96000 92.2384 -375.297 4.33893
96100 92.4286 -374.467 4.33643
96200 92.619 -375.317 4.33598
96300 92.8095 -375.293 4.33727
96400 93.0003 -375.631 4.33506
96500 93.1913 -365.823 4.3342
96600 93.3824 -364.684 4.33518
96700 93.5738 -375.289 4.33383
96800 93.7654 -375.339 4.33931
96900 93.9571 -364.676 4.33941
97000 94.1491 -375.158 4.33667
97100 94.3413 -375.169 4.33476
97200 94.5336 -374.807 4.33516
97300 94.7262 -375.267 4.33936
97400 94.9189 -375.452 4.33944
97500 95.1119 -375.447 4.33714
97600 95.305 -375.371 4.33992
97700 95.4984 -375.215 4.34101
97800 95.6919 -375.17 4.33808
97900 95.8857 -374.964 4.33996
98000 96.0796 -375.041 4.33543
98100 96.2737 -375.144 4.33421
98200 96.4681 -374.973 4.33355
98300 96.6626 -375.177 4.3334
98400 96.8573 -365.578 4.33443
98500 97.0523 -375.272 4.33143
98600 97.2474 -375.225 4.33115
98700 97.4427 -375.195 4.33161
98800 97.6383 -375.257 4.33284
98900 97.834 -375.585 4.33088
99000 98.0299 -375.338 4.32677
99100 98.226 -366.347 4.32747
99200 98.4223 -368.889 4.33032
99300 98.6189 -359.998 4.32992
99400 98.8156 -366.213 4.328
99500 99.0125 -368.827 4.32599
99600 99.2096 -369.703 4.32759
99700 99.4069 -369.781 4.32757
99800 99.6044 -369.936 4.32984
99900 99.8021 -346.876 4.32481
100000 100 -369.934 4.32857
