100 1.0001 2221.79 2.50339
200 1.0004 2142.28 2.50569
300 1.00089 2082.81 2.50944
400 1.00158 2069.72 2.51153
500 1.00248 2047.46 2.51439
600 1.00356 2034.37 2.51693
700 1.00485 2020.86 2.51863
800 1.00634 2001.06 2.52472
900 1.00802 1988.68 2.52822
1000 1.0099 1972.01 2.53057
1100 1.01198 1953.65 2.5343
1200 1.01426 1939.23 2.538
1300 1.01673 1948.56 2.54003
1400 1.0194 1936.87 2.54297
1500 1.02228 1906.55 2.54418
1600 1.02534 1907.42 2.54784
1700 1.02861 1885.56 2.55147
1800 1.03208 1955.02 2.55177
1900 1.03574 1892.82 2.55347
2000 1.0396 1873.79 2.55892
2100 1.04366 1867.08 2.56301
2200 1.04792 1843 2.56308
2300 1.05237 1872.8 2.56596
2400 1.05702 1855.76 2.56672
2500 1.06188 1850.21 2.56873
2600 1.06692 1813.23 2.5724
2700 1.07217 1801.61 2.57728
2800 1.07762 1826.61 2.57827
2900 1.08326 1802 2.57983
3000 1.0891 1784.17 2.58139
3100 1.09514 1773.11 2.58523
3200 1.10138 1823.92 2.5885
3300 1.10781 1773.73 2.5925
3400 1.11444 1762.88 2.59371
3500 1.12128 1748.55 2.59556
3600 1.1283 1740.74 2.59816
3700 1.13553 1723.74 2.60087
3800 1.14296 1721.65 2.60461
3900 1.15058 1711.29 2.60866
4000 1.1584 1699.63 2.61237
4100 1.16642 1685.16 2.61345
4200 1.17464 1683.47 2.6159
4300 1.18305 1689.8 2.61747
4400 1.19166 1691.32 2.61949
4500 1.20047 1669.55 2.62364
4600 1.20948 1685.19 2.62546
4700 1.21869 1671.5 2.62818
4800 1.2281 1651.78 2.63147
4900 1.2377 1639.24 2.63368
5000 1.2475 1713.28 2.638
5100 1.2575 1658.44 2.64111
5200 1.2677 1630.25 2.64826
5300 1.27809 1614.03 2.65201
5400 1.28868 1612.08 2.65345
5500 1.29947 1596.08 2.65719
5600 1.31046 1570.71 2.65777
5700 1.32165 1558.68 2.66229
5800 1.33304 1544.69 2.66683
5900 1.34462 1551.94 2.66941
6000 1.3564 1544.19 2.67262
6100 1.36838 1538.4 2.67511
6200 1.38056 1513.19 2.67967
6300 1.39293 1511.37 2.68236
6400 1.4055 1502.84 2.68325
6500 1.41827 1513.54 2.68562
6600 1.43124 1493.13 2.6889
6700 1.44441 1522.29 2.69133
6800 1.45778 1493.58 2.69419
6900 1.47134 1480.54 2.69878
7000 1.4851 1464.84 2.70246
7100 1.49906 1467.23 2.70475
7200 1.51322 1449.04 2.70745
7300 1.52757 1443.08 2.71136
7400 1.54212 1436.52 2.71473
7500 1.55688 1416.82 2.71755
7600 1.57182 1398.21 2.72207
7700 1.58697 1397.48 2.72489
7800 1.60232 1383.32 2.72697
7900 1.61786 1381.09 2.73123
8000 1.6336 1368.48 2.73464
8100 1.64954 1376.26 2.73862
8200 1.66568 1358.18 2.74152
8300 1.68201 1369.12 2.74441
8400 1.69854 1355.02 2.74546
8500 1.71528 1350.6 2.74731
8600 1.7322 1344.42 2.75138
8700 1.74933 1338.14 2.754
8800 1.76666 1322.75 2.75819
8900 1.78418 1394.74 2.76256
9000 1.8019 1342.97 2.76581
9100 1.81982 1333.22 2.76834
9200 1.83794 1318.45 2.77307
9300 1.85625 1303.65 2.77764
9400 1.87476 1295.15 2.77497
9500 1.89348 1316.96 2.77906
9600 1.91238 1281.34 2.78384
9700 1.93149 1264.31 2.78826
9800 1.9508 1252.44 2.79079
9900 1.9703 1257.72 2.79483
10000 1.99 1252.01 2.79758
10100 2.0099 1234.79 2.80255
10200 2.03 1283.02 2.80704
10300 2.05029 1243.95 2.81248
10400 2.07078 1224.22 2.81662
10500 2.09147 1211.57 2.81906
10600 2.11236 1196.8 2.82314
10700 2.13345 1186.27 2.82982
10800 2.15474 1178.47 2.83242
10900 2.17622 1179.01 2.83598
11000 2.1979 1169.64 2.84062
11100 2.21978 1155.82 2.84583
11200 2.24186 1146.37 2.85023
11300 2.26413 1130.92 2.85448
11400 2.2866 1120.73 2.85956
11500 2.30927 1104.99 2.86089
11600 2.33214 1109 2.86378
11700 2.35521 1100.78 2.86657
11800 2.37848 1093.27 2.87164
11900 2.40194 1097.67 2.87922
12000 2.4256 1075.77 2.88282
12100 2.44946 1070.17 2.88764
12200 2.47352 1055.3 2.8929
12300 2.49777 1041.79 2.89626
12400 2.52222 1036.91 2.89999
12500 2.54688 1025.88 2.90434
12600 2.57172 1019.53 2.91052
12700 2.59677 1008.22 2.91363
12800 2.62202 1009.01 2.91693
12900 2.64746 998.89 2.92132
13000 2.6731 988.2 2.92678
13100 2.69894 980.571 2.93306
13200 2.72498 967.156 2.93662
13300 2.75121 960.947 2.94287
13400 2.77764 944.796 2.94857
13500 2.80428 941.887 2.95249
13600 2.8311 932.591 2.95789
13700 2.85813 921.465 2.96296
13800 2.88536 920.054 2.96561
13900 2.91278 916.291 2.97249
14000 2.9404 897.692 2.97811
14100 2.96822 901.084 2.98295
14200 2.99624 879.675 2.98876
14300 3.02445 875.39 2.99321
14400 3.05286 871.462 2.99895
14500 3.08147 863.878 3.0053
14600 3.11028 847.329 3.00879
14700 3.13929 853.883 3.01533
14800 3.1685 832.078 3.02276
14900 3.1979 815.825 3.0285
15000 3.2275 800.456 3.03247
15100 3.2573 801.973 3.0368
15200 3.2873 788.354 3.04084
15300 3.31749 808.522 3.04466
15400 3.34788 795.086 3.05006
15500 3.37848 782.866 3.0547
15600 3.40926 772.635 3.05939
15700 3.44025 765.95 3.06437
15800 3.47144 753.479 3.06878
15900 3.50282 751.266 3.07221
16000 3.5344 738.151 3.07951
16100 3.56618 737.385 3.08295
16200 3.59816 728.013 3.08738
16300 3.63033 722.516 3.09066
16400 3.6627 715.878 3.09822
16500 3.69528 718.99 3.10315
16600 3.72804 712.553 3.10892
16700 3.76101 693.501 3.11688
16800 3.79418 688.989 3.12218
16900 3.82754 675.65 3.12914
17000 3.8611 669.956 3.13462
17100 3.89486 669.09 3.13802
17200 3.92882 661.507 3.14281
17300 3.96297 649.093 3.14852
17400 3.99732 639.773 3.15267
17500 4.03187 625.562 3.15613
17600 4.06662 632.484 3.16231
17700 4.10157 607.229 3.1681
17800 4.13672 623.499 3.17281
17900 4.17206 593.767 3.17849
18000 4.2076 597.877 3.18353
18100 4.24334 613.03 3.18824
18200 4.27928 592.018 3.19786
18300 4.31541 568.866 3.20231
18400 4.35174 571.623 3.20647
18500 4.38828 546.655 3.2096
18600 4.425 568.802 3.21341
18700 4.46193 509.785 3.22007
18800 4.49906 545.341 3.22674
18900 4.53638 563.914 3.23276
19000 4.5739 563.155 3.2356
19100 4.61162 530.308 3.24126
19200 4.64954 524.777 3.24883
19300 4.68765 501.607 3.25484
19400 4.72596 471.46 3.25897
19500 4.76448 417.814 3.26425
19600 4.80318 421.429 3.2698
19700 4.84209 376.963 3.2769
19800 4.8812 268.598 3.27998
19900 4.9205 275.295 3.2844
20000 4.96 248.277 3.29094
20100 4.9997 146.547 3.29506
20200 5.0396 141.363 3.30037
20300 5.07969 80.0534 3.30609
20400 5.11998 -62.5969 3.31271
20500 5.16047 -90.0579 3.31586
20600 5.20116 -25.6944 3.31765
20700 5.24205 -27.3724 3.3223
20800 5.28314 -80.0013 3.32606
20900 5.32442 -258.133 3.32819
21000 5.3659 -230.785 3.33013
21100 5.40758 -265.17 3.33264
21200 5.44946 -312.412 3.32994
21300 5.49153 -341.353 3.33164
21400 5.5338 -358.453 3.33231
21500 5.57627 -361.297 3.33655
21600 5.61894 -363.74 3.34016
21700 5.66181 -362.9 3.33928
21800 5.70488 -366.542 3.34054
21900 5.74814 -371.238 3.34022
22000 5.7916 -362.025 3.34141
22100 5.83526 -375.813 3.34213
22200 5.87912 -350.254 3.3423
22300 5.92317 -366.869 3.3436
22400 5.96742 -366.323 3.34485
22500 6.01188 -368.748 3.34703
22600 6.05652 -337.555 3.34596
22700 6.10137 -345.405 3.34758
22800 6.14642 -299.832 3.34782
22900 6.19166 -235.901 3.34982
23000 6.2371 -337.469 3.3504
23100 6.28274 -166.014 3.35088
23200 6.32858 -177.011 3.35213
23300 6.37461 -269.037 3.35409
23400 6.42084 -273.511 3.35526
23500 6.46727 -283.583 3.36069
23600 6.5139 -298.84 3.36661
23700 6.56073 -301.215 3.36666
23800 6.60776 -270.127 3.37063
23900 6.65498 -292.102 3.37035
24000 6.7024 -185.011 3.37264
24100 6.75002 -283.539 3.37804
24200 6.79784 -284.214 3.38012
24300 6.84585 -287.493 3.38186
24400 6.89406 -94.5471 3.38423
24500 6.94247 -131.742 3.38673
24600 6.99108 -115.399 3.39179
24700 7.03989 -193.197 3.39354
24800 7.0889 -206.68 3.39847
24900 7.1381 -284.679 3.40034
25000 7.1875 -333.786 3.40331
25100 7.2371 -357.608 3.40346
25200 7.2869 -362.035 3.40325
25300 7.33689 -362.402 3.40868
25400 7.38708 -363.246 3.4115
25500 7.43748 -353.52 3.41273
25600 7.48806 -366.906 3.41364
25700 7.53885 -368.925 3.41216
25800 7.58984 -199.551 3.41187
25900 7.64102 -347.315 3.41364
26000 7.6924 -349.44 3.41716
26100 7.74398 -359.938 3.42117
26200 7.79576 -325.712 3.42141
26300 7.84773 -265.515 3.41941
26400 7.8999 -308.56 3.42267
26500 7.95228 -205.978 3.42134
26600 8.00484 -246.832 3.42161
26700 8.05761 -259.611 3.42375
26800 8.11058 -133.995 3.42747
26900 8.16374 -254.89 3.43243
27000 8.2171 -317.272 3.43594
27100 8.27066 -335.404 3.43523
27200 8.32442 -342.601 3.43854
27300 8.37837 -348.898 3.43737
27400 8.43252 -363.461 3.43868
27500 8.48688 -363.248 3.44003
27600 8.54142 -363.391 3.44132
27700 8.59617 -366.406 3.442
27800 8.65112 -365.975 3.44304
27900 8.70626 -368.017 3.44474
28000 8.7616 -368.208 3.445
28100 8.81714 -365.92 3.44691
28200 8.87288 -369.207 3.44862
28300 8.92881 -369.527 3.44893
28400 8.98494 -345.889 3.45186
28500 9.04127 -367.618 3.45649
28600 9.0978 -371.956 3.45866
28700 9.15453 -372.717 3.45862
28800 9.21146 -372.216 3.46005
28900 9.26858 -373.61 3.4586
29000 9.3259 -373.071 3.46098
29100 9.38342 -374.252 3.46381
29200 9.44114 -374.115 3.46394
29300 9.49905 -377.601 3.46365
29400 9.55716 -379.504 3.46426
29500 9.61547 -379.942 3.46523
29600 9.67398 -375.906 3.46837
29700 9.73269 -312.104 3.4724
29800 9.7916 -319.391 3.47438
29900 9.8507 -322.42 3.47712
30000 9.91 -329.72 3.47947
30100 9.9695 -341.972 3.48398
30200 10.0292 -337.761 3.48499
30300 10.0891 -337.972 3.48854
30400 10.1492 -351.081 3.49185
30500 10.2095 -354.69 3.49307
30600 10.27 -354.385 3.49475
30700 10.3307 -347.186 3.49548
30800 10.3915 -360.012 3.50014
30900 10.4526 -366.864 3.50152
31000 10.5139 -287.974 3.5042
31100 10.5754 -348.049 3.50607
31200 10.6371 -380.582 3.50695
31300 10.6989 -384.401 3.5073
31400 10.761 -315.987 3.50966
31500 10.8233 -374.736 3.51435
31600 10.8857 -380.721 3.51267
31700 10.9484 -382.481 3.51282
31800 11.0113 -382.81 3.51816
31900 11.0743 -385.102 3.51902
32000 11.1376 -380.135 3.5193
32100 11.2011 -262.669 3.52036
32200 11.2647 -336.833 3.52247
32300 11.3286 -348.607 3.52151
32400 11.3926 -366.356 3.52301
32500 11.4569 -379.106 3.52399
32600 11.5213 -384.618 3.52627
32700 11.586 -386.766 3.53201
32800 11.6508 -385.981 3.53385
32900 11.7159 -386.979 3.53306
33000 11.7811 -384.924 3.5343
33100 11.8465 -386.932 3.53431
33200 11.9122 -386.523 3.53318
33300 11.978 -372.318 3.53309
33400 12.044 -388.217 3.53365
33500 12.1103 -382.661 3.53321
33600 12.1767 -388.836 3.53739
33700 12.2433 -389.79 3.53796
33800 12.3102 -323.324 3.54358
33900 12.3772 -379.61 3.5431
34000 12.4444 -373.957 3.54599
34100 12.5118 -377.524 3.54957
34200 12.5794 -377.931 3.55033
34300 12.6473 -378.487 3.55328
34400 12.7153 -378.555 3.55778
34500 12.7835 -379.8 3.55628
34600 12.8519 -384.126 3.55836
34700 12.9205 -384.735 3.55668
34800 12.9893 -386.457 3.55673
34900 13.0583 -383.223 3.55981
35000 13.1275 -385.847 3.55974
35100 13.1969 -386.964 3.55951
35200 13.2665 -387.297 3.5623
35300 13.3363 -388.32 3.56288
35400 13.4063 -389.222 3.56146
35500 13.4765 -388.928 3.56302
35600 13.5469 -389.495 3.563
35700 13.6175 -389.665 3.5665
35800 13.6882 -389.553 3.56598
35900 13.7592 -389.499 3.56722
36000 13.8304 -389.396 3.5669
36100 13.9018 -389.412 3.56763
36200 13.9734 -389.998 3.56636
36300 14.0451 -389.737 3.56968
36400 14.1171 -390.144 3.57464
36500 14.1893 -390.533 3.57477
36600 14.2616 -390.56 3.57875
36700 14.3342 -390.436 3.57443
36800 14.407 -390.368 3.57484
36900 14.4799 -256.405 3.57608
37000 14.5531 -371.075 3.57743
37100 14.6265 -376.978 3.58014
37200 14.7 -377.613 3.57884
37300 14.7738 -379.95 3.57707
37400 14.8477 -379.409 3.5819
37500 14.9219 -381.135 3.58543
37600 14.9962 -382.144 3.58324
37700 15.0708 -379.177 3.58721
37800 15.1455 -366.985 3.58992
37900 15.2205 -375.923 3.59298
38000 15.2956 -377.274 3.59161
38100 15.3709 -292.783 3.59152
38200 15.4465 -332.563 3.5956
38300 15.5222 -373.384 3.59515
38400 15.5981 -374.96 3.59777
38500 15.6743 -380.532 3.60083
38600 15.7506 -381.886 3.60002
38700 15.8271 -383.202 3.60137
38800 15.9039 -383.662 3.60166
38900 15.9808 -383.617 3.60855
39000 16.0579 -378.387 3.60986
39100 16.1352 -382.933 3.6121
39200 16.2127 -383.906 3.61291
39300 16.2905 -384.792 3.61485
39400 16.3684 -385.353 3.61604
39500 16.4465 -338.718 3.61737
39600 16.5248 -380.181 3.61843
39700 16.6033 -381.37 3.61681
39800 16.682 -383.192 3.61966
39900 16.7609 -386.797 3.6211
40000 16.84 -388.876 3.61964
40100 16.9193 -388.798 3.62001
40200 16.9988 -389.357 3.62158
40300 17.0785 -391.768 3.62243
40400 17.1584 -392.496 3.62408
40500 17.2385 -392.635 3.62397
40600 17.3188 -394.469 3.62199
40700 17.3993 -394.774 3.61686
40800 17.4799 -395.868 3.61907
40900 17.5608 -394.961 3.61673
41000 17.6419 -395.465 3.62087
41100 17.7232 -395.037 3.6253
41200 17.8047 -394.966 3.63118
41300 17.8863 -395.368 3.63028
41400 17.9682 -395.32 3.63087
41500 18.0503 -395.054 3.6295
41600 18.1325 -395.335 3.63428
41700 18.215 -394.596 3.63821
41800 18.2977 -395.383 3.63942
41900 18.3805 -395.214 3.6413
42000 18.4636 -394.619 3.64351
42100 18.5469 -394.835 3.64204
42200 18.6303 -301.966 3.64073
42300 18.714 -385.199 3.63947
42400 18.7978 -389.682 3.63918
42500 18.8819 -389.963 3.6418
42600 18.9661 -391.039 3.64231
42700 19.0506 -391.395 3.64438
42800 19.1352 -391.554 3.64083
42900 19.2201 -392.277 3.64246
43000 19.3051 -392.966 3.64455
43100 19.3903 -393.139 3.64658
43200 19.4758 -393.139 3.64792
43300 19.5614 -393.97 3.64551
43400 19.6472 -394.562 3.64727
43500 19.7333 -394.662 3.64631
43600 19.8195 -394.902 3.64255
43700 19.9059 -388.476 3.64242
43800 19.9926 -352.73 3.64474
43900 20.0794 -387.831 3.6445
44000 20.1664 -389.569 3.64576
44100 20.2536 -391.026 3.64979
44200 20.341 -391.488 3.65083
44300 20.4287 -390.146 3.65019
44400 20.5165 -390.766 3.65147
44500 20.6045 -392.074 3.65169
44600 20.6927 -382.193 3.65312
44700 20.7811 -383.778 3.653
44800 20.8697 -388.102 3.65535
44900 20.9585 -388.745 3.65468
45000 21.0475 -390.609 3.65602
45100 21.1367 -391.217 3.65676
45200 21.2261 -391.062 3.65557
45300 21.3157 -391.839 3.65706
45400 21.4055 -391.991 3.65503
45500 21.4955 -392.146 3.65659
45600 21.5857 -392.195 3.65644
45700 21.6761 -392.068 3.65714
45800 21.7666 -388.717 3.6573
45900 21.8574 -391.771 3.66064
46000 21.9484 -392.431 3.66353
46100 22.0396 -392.721 3.66261
46200 22.131 -392.733 3.66137
46300 22.2225 -390.752 3.66214
46400 22.3143 -392.738 3.6654
46500 22.4063 -392.73 3.6671
46600 22.4984 -393.132 3.66732
46700 22.5908 -393.124 3.66547
46800 22.6834 -393.762 3.6684
46900 22.7761 -393.566 3.66349
47000 22.8691 -394.299 3.66354
47100 22.9623 -395.042 3.66627
47200 23.0556 -394.653 3.66788
47300 23.1492 -395.567 3.67091
47400 23.2429 -395.683 3.66966
47500 23.3369 -395.496 3.67474
47600 23.431 -395.517 3.67634
47700 23.5254 -395.826 3.67865
47800 23.6199 -396.337 3.67977
47900 23.7147 -395.945 3.67807
48000 23.8096 -385.75 3.67765
48100 23.9047 -392.72 3.67701
48200 24.0001 -393.922 3.67646
48300 24.0956 -392.962 3.67881
48400 24.1913 -394.259 3.67732
48500 24.2873 -394.671 3.67383
48600 24.3834 -394.72 3.67402
48700 24.4797 -386.818 3.67111
48800 24.5763 -395.986 3.67195
48900 24.673 -396.511 3.67147
49000 24.7699 -396.791 3.67129
49100 24.867 -396.754 3.67057
49200 24.9643 -396.988 3.67178
49300 25.0619 -396.555 3.66968
49400 25.1596 -396.739 3.67354
49500 25.2575 -396.77 3.66939
49600 25.3556 -384.913 3.66723
49700 25.4539 -393.061 3.66705
49800 25.5524 -394.635 3.6665
49900 25.6511 -384.606 3.66863
50000 25.75 -386.162 3.66664
50100 25.8491 -393.416 3.66731
50200 25.9484 -397.224 3.66518
50300 26.0479 -397.315 3.66421
50400 26.1476 -397.923 3.65854
50500 26.2475 -397.789 3.65887
50600 26.3476 -397.784 3.66057
50700 26.4479 -398.105 3.6594
50800 26.5483 -397.975 3.6594
50900 26.649 -398.987 3.65878
51000 26.7499 -398.908 3.65993
51100 26.851 -399.094 3.65565
51200 26.9523 -291.871 3.65594
51300 27.0537 -377.714 3.65707
51400 27.1554 -394.102 3.65561
51500 27.2573 -397.559 3.65534
51600 27.3593 -398.46 3.65726
51700 27.4616 -395.427 3.65799
51800 27.5641 -398.882 3.65409
51900 27.6667 -398.948 3.65451
52000 27.7696 -398.891 3.65042
52100 27.8727 -399.238 3.64994
52200 27.9759 -267.874 3.64905
52300 28.0794 -360.994 3.65073
52400 28.183 -379.661 3.6546
52500 28.2869 -382.129 3.65344
52600 28.3909 -386.355 3.65268
52700 28.4952 -387.602 3.64885
52800 28.5996 -388.863 3.65238
52900 28.7043 -389.876 3.65242
53000 28.8091 -390.213 3.65675
53100 28.9141 -390.974 3.65672
53200 29.0194 -391.527 3.65445
53300 29.1248 -391.178 3.65679
53400 29.2304 -392.188 3.65737
53500 29.3363 -391.97 3.65932
53600 29.4423 -391.762 3.66192
53700 29.5485 -392.23 3.66103
53800 29.655 -392.46 3.66336
53900 29.7616 -392.436 3.66225
54000 29.8684 -392.829 3.66046
54100 29.9754 -393.018 3.66225
54200 30.0826 -393.43 3.65944
54300 30.1901 -393.292 3.65955
54400 30.2977 -393.496 3.66283
54500 30.4055 -393.493 3.66084
54600 30.5135 -393.49 3.66363
54700 30.6217 -393.443 3.66258
54800 30.7301 -393.419 3.66466
54900 30.8387 -393.681 3.66522
55000 30.9475 -393.479 3.66472
55100 31.0565 -393.786 3.66978
55200 31.1657 -394.107 3.67197
55300 31.2751 -394.409 3.67297
55400 31.3847 -394.069 3.67124
55500 31.4945 -394.05 3.67167
55600 31.6045 -394.138 3.67136
55700 31.7147 -393.885 3.67143
55800 31.825 -394.367 3.67199
55900 31.9356 -358.372 3.67335
56000 32.0464 -382.317 3.67737
56100 32.1574 -389.399 3.67561
56200 32.2686 -386.636 3.67868
56300 32.3799 -393.913 3.68066
56400 32.4915 -394.45 3.68079
56500 32.6033 -395.215 3.6875
56600 32.7152 -395.331 3.68831
56700 32.8274 -390.522 3.69032
56800 32.9398 -395.205 3.6894
56900 33.0523 -395.872 3.68848
57000 33.1651 -395.768 3.68839
57100 33.2781 -395.487 3.69067
57200 33.3912 -396.41 3.69208
57300 33.5046 -396.303 3.6887
57400 33.6181 -396.511 3.68569
57500 33.7319 -331.414 3.68478
57600 33.8458 -392.207 3.68479
57700 33.96 -394.791 3.68671
57800 34.0743 -395.352 3.68828
57900 34.1889 -395.806 3.6928
58000 34.3036 -396.246 3.69385
58100 34.4185 -396.549 3.70028
58200 34.5337 -396.876 3.69833
58300 34.649 -395.341 3.69829
58400 34.7645 -396.249 3.69602
58500 34.8803 -396.684 3.69626
58600 34.9962 -396.596 3.69701
58700 35.1123 -396.568 3.69953
58800 35.2287 -396.266 3.70048
58900 35.3452 -396.535 3.70243
59000 35.4619 -396.758 3.70239
59100 35.5788 -291.629 3.70119
59200 35.6959 -372.382 3.7006
59300 35.8133 -380.555 3.70237
59400 35.9308 -341.357 3.70476
59500 36.0485 -384.442 3.70399
59600 36.1664 -385.994 3.70511
59700 36.2845 -386.4 3.70577
59800 36.4028 -386.562 3.70329
59900 36.5213 -386.941 3.70363
60000 36.64 -387.713 3.70496
60100 36.7589 -388.022 3.70723
60200 36.878 -388.217 3.7108
60300 36.9973 -388.863 3.71094
60400 37.1168 -389.548 3.71114
60500 37.2365 -389.426 3.70915
60600 37.3564 -389.032 3.70935
60700 37.4765 -389.527 3.71334
60800 37.5967 -389.066 3.71379
60900 37.7172 -389.408 3.71952
61000 37.8379 -390.16 3.72501
61100 37.9588 -390.241 3.72549
61200 38.0799 -390.375 3.72466
61300 38.2011 -390.637 3.72537
61400 38.3226 -390.85 3.72844
61500 38.4443 -391.19 3.73263
61600 38.5661 -390.937 3.73626
61700 38.6882 -391.212 3.7375
61800 38.8105 -390.433 3.73547
61900 38.9329 -390.857 3.73548
62000 39.0556 -390.981 3.73677
62100 39.1785 -394.998 3.73732
62200 39.3015 -396.806 3.73728
62300 39.4248 -397.403 3.73698
62400 39.5482 -397.881 3.73742
62500 39.6719 -358.378 3.73607
62600 39.7957 -380.343 3.73817
62700 39.9198 -394.275 3.73655
62800 40.044 -396.659 3.73393
62900 40.1685 -397.1 3.73143
63000 40.2931 -397.492 3.72825
63100 40.4179 -397.812 3.72501
63200 40.543 -391.124 3.72735
63300 40.6682 -393.053 3.72745
63400 40.7936 -393.372 3.72607
63500 40.9193 -394.972 3.72712
63600 41.0451 -395.716 3.73007
63700 41.1711 -396.56 3.72941
63800 41.2974 -397.734 3.72912
63900 41.4238 -398.066 3.73052
64000 41.5504 -398.208 3.73004
64100 41.6772 -398.648 3.73176
64200 41.8042 -398.875 3.73323
64300 41.9315 -398.954 3.73724
64400 42.0589 -399.457 3.73747
64500 42.1865 -399.395 3.73685
64600 42.3143 -399.284 3.73601
64700 42.4423 -399.306 3.73444
64800 42.5705 -399.601 3.73265
64900 42.6989 -399.856 3.73171
65000 42.8275 -396.077 3.73183
65100 42.9563 -399.92 3.73449
65200 43.0853 -399.9 3.73411
65300 43.2145 -400.129 3.73459
65400 43.3439 -400.062 3.73515
65500 43.4735 -386.953 3.73199
65600 43.6033 -394.07 3.72989
65700 43.7333 -393.621 3.72949
65800 43.8634 -396.633 3.72927
65900 43.9938 -390.806 3.72863
66000 44.1244 -397.276 3.7274
66100 44.2552 -397.896 3.72763
66200 44.3862 -397.745 3.72717
66300 44.5173 -397.787 3.72817
66400 44.6487 -346.514 3.72952
66500 44.7803 -392.433 3.73093
66600 44.912 -350.159 3.73505
66700 45.044 -372.877 3.7376
66800 45.1762 -392.259 3.73782
66900 45.3085 -393.898 3.73774
67000 45.4411 -394.29 3.73691
67100 45.5739 -394.221 3.73791
67200 45.7068 -391.983 3.74316
67300 45.84 -394.573 3.73991
67400 45.9733 -393.8 3.74245
67500 46.1069 -395.187 3.74402
67600 46.2406 -395.876 3.7459
67700 46.3746 -396.369 3.74819
67800 46.5087 -396.557 3.74578
67900 46.6431 -396.515 3.74385
68000 46.7776 -396.355 3.74428
68100 46.9123 -396.624 3.74864
68200 47.0473 -368.629 3.74936
68300 47.1824 -390.405 3.7523
68400 47.3177 -390.234 3.75279
68500 47.4533 -392.656 3.7546
68600 47.589 -394.214 3.75483
68700 47.7249 -394.695 3.75382
68800 47.8611 -394.673 3.7554
68900 47.9974 -394.763 3.75605
69000 48.1339 -378.224 3.75408
69100 48.2706 -385.09 3.75745
69200 48.4075 -388.07 3.75731
69300 48.5447 -389.627 3.75799
69400 48.682 -390.187 3.76041
69500 48.8195 -390.24 3.76696
69600 48.9572 -390.614 3.76518
69700 49.0951 -391.724 3.76648
69800 49.2332 -392.895 3.76739
69900 49.3715 -393.368 3.7684
70000 49.51 -393.309 3.76637
70100 49.6487 -393.565 3.76689
70200 49.7876 -393.764 3.76995
70300 49.9267 -393.856 3.76981
70400 50.066 -391.749 3.77151
70500 50.2055 -393.458 3.76976
70600 50.3452 -394.044 3.7712
70700 50.4851 -394.205 3.77242
70800 50.6251 -394.182 3.77316
70900 50.7654 -394.15 3.77308
71000 50.9059 -394.098 3.77528
71100 51.0466 -394.142 3.77464
71200 51.1875 -394.495 3.77712
71300 51.3285 -394.447 3.77615
71400 51.4698 -394.343 3.77629
71500 51.6113 -394.601 3.77801
71600 51.7529 -394.765 3.77882
71700 51.8948 -394.583 3.77737
71800 52.0369 -394.641 3.77693
71900 52.1791 -394.827 3.77088
72000 52.3216 -394.646 3.76625
72100 52.4643 -395.011 3.76744
72200 52.6071 -395.027 3.76515
72300 52.7502 -394.676 3.76471
72400 52.8934 -394.833 3.75898
72500 53.0369 -394.76 3.75769
72600 53.1805 -394.68 3.75848
72700 53.3244 -388.168 3.7607
72800 53.4684 -390.561 3.76016
72900 53.6127 -390.004 3.75771
73000 53.7571 -391.697 3.75809
73100 53.9017 -391.53 3.75853
73200 54.0466 -334.383 3.76461
73300 54.1916 -312.135 3.77224
73400 54.3368 -338.393 3.77954
73500 54.4823 -343.691 3.78245
73600 54.6279 -345.561 3.7897
73700 54.7737 -346.971 3.79098
73800 54.9198 -347.897 3.79446
73900 55.066 -329.111 3.8018
74000 55.2124 -334.384 3.80548
74100 55.359 -341.786 3.80817
74200 55.5058 -344.378 3.81474
74300 55.6529 -349.6 3.8216
74400 55.8001 -363.347 3.8238
74500 55.9475 -380.827 3.82468
74600 56.0951 -384.222 3.83159
74700 56.2429 -376.72 3.83582
74800 56.3909 -380.541 3.83844
74900 56.5391 -374.266 3.83918
75000 56.6875 -380.227 3.84233
75100 56.8361 -383.384 3.84165
75200 56.9849 -384.047 3.84489
75300 57.1339 -384.506 3.84552
75400 57.2831 -382.017 3.84519
75500 57.4325 -384.951 3.84906
75600 57.5821 -385.409 3.84888
75700 57.7319 -332.427 3.84789
75800 57.8818 -383.401 3.84992
75900 58.032 -384.479 3.84947
76000 58.1824 -386.06 3.84909
76100 58.333 -386.991 3.84929
76200 58.4838 -388.873 3.85085
76300 58.6347 -390.971 3.84845
76400 58.7859 -392.004 3.8525
76500 58.9373 -388.222 3.85255
76600 59.0888 -391.818 3.85208
76700 59.2406 -392.612 3.85239
76800 59.3926 -334.951 3.85251
76900 59.5447 -346.939 3.8537
77000 59.6971 -348.724 3.85838
77100 59.8497 -372.775 3.86355
77200 60.0024 -374.43 3.86456
77300 60.1554 -377.728 3.8662
77400 60.3085 -385.296 3.86868
77500 60.4619 -386.061 3.87748
77600 60.6154 -386.312 3.88021
77700 60.7692 -382.005 3.8804
77800 60.9231 -386.982 3.88353
77900 61.0773 -387.051 3.88351
78000 61.2316 -387.386 3.88577
78100 61.3861 -387.31 3.88485
78200 61.5409 -379.562 3.88307
78300 61.6958 -387.31 3.88589
78400 61.8509 -387.274 3.88644
78500 62.0063 -387.068 3.88746
78600 62.1618 -387.14 3.88815
78700 62.3175 -387.458 3.88549
78800 62.4735 -386.175 3.8863
78900 62.6296 -387.881 3.88528
79000 62.7859 -373.034 3.88642
79100 62.9424 -383.373 3.88719
79200 63.0991 -383.246 3.88624
79300 63.2561 -386.485 3.88662
79400 63.4132 -387.344 3.88838
79500 63.5705 -387.279 3.89039
79600 63.728 -387.069 3.89345
79700 63.8857 -387.554 3.89484
79800 64.0436 -387.673 3.89338
79900 64.2017 -388.05 3.89396
80000 64.36 -388.428 3.89528
80100 64.5185 -387.384 3.89737
80200 64.6772 -387.629 3.90162
80300 64.8361 -380.075 3.90384
80400 64.9952 -388.626 3.90322
80500 65.1545 -379.661 3.90567
80600 65.314 -388.978 3.90428
80700 65.4737 -388.606 3.90327
80800 65.6335 -386.443 3.89933
80900 65.7936 -388.67 3.89913
81000 65.9539 -388.748 3.89826
81100 66.1144 -389.115 3.90124
81200 66.2751 -389.084 3.90017
81300 66.4359 -388.726 3.90211
81400 66.597 -389.111 3.90356
81500 66.7583 -389.428 3.90394
81600 66.9197 -388.467 3.90528
81700 67.0814 -384.271 3.90937
81800 67.2433 -384.491 3.90892
81900 67.4053 -385.622 3.90878
82000 67.5676 -385.746 3.90898
82100 67.7301 -386.547 3.90733
82200 67.8927 -387.097 3.90742
82300 68.0556 -387.344 3.90818
82400 68.2186 -387.362 3.90787
82500 68.3819 -387.178 3.90683
82600 68.5453 -366.33 3.90727
82700 68.709 -379.684 3.90423
82800 68.8728 -381.952 3.90356
82900 69.0369 -383.444 3.90497
83000 69.2011 -383.793 3.9029
83100 69.3655 -384.223 3.90244
83200 69.5302 -384.457 3.90463
83300 69.695 -252.466 3.90526
83400 69.86 -351.477 3.90759
83500 70.0253 -372.53 3.90762
83600 70.1907 -375.931 3.90655
83700 70.3563 -376.673 3.90614
83800 70.5222 -378.03 3.90624
83900 70.6882 -380.445 3.90601
84000 70.8544 -381.492 3.90522
84100 71.0208 -381.62 3.90691
84200 71.1874 -381.839 3.90611
84300 71.3543 -382.274 3.90583
84400 71.5213 -381.629 3.90471
84500 71.6885 -382.117 3.90345
84600 71.8559 -380.46 3.90443
84700 72.0235 -381.942 3.90594
84800 72.1913 -382.098 3.90598
84900 72.3593 -382.226 3.90677
85000 72.5275 -382.381 3.90724
85100 72.6959 -376.509 3.90647
85200 72.8645 -377.697 3.90358
85300 73.0333 -378.245 3.90079
85400 73.2023 -378.316 3.90133
85500 73.3715 -378.741 3.90341
85600 73.5409 -379.131 3.90346
85700 73.7105 -379.104 3.90553
85800 73.8802 -373.967 3.90899
85900 74.0502 -376.447 3.91023
86000 74.2204 -377.342 3.91268
86100 74.3908 -378.927 3.91487
86200 74.5614 -336.564 3.91676
86300 74.7321 -370.669 3.91672
86400 74.9031 -374.954 3.91567
86500 75.0743 -379.592 3.91924
86600 75.2456 -380.075 3.92079
86700 75.4172 -380.736 3.92416
86800 75.589 -380.976 3.92299
86900 75.7609 -380.984 3.9263
87000 75.9331 -380.476 3.92653
87100 76.1055 -381.231 3.92703
87200 76.278 -382.641 3.92235
87300 76.4508 -383.122 3.92207
87400 76.6237 -383.08 3.92019
87500 76.7969 -378.834 3.92201
87600 76.9702 -382.201 3.92774
87700 77.1438 -381.594 3.9241
87800 77.3175 -383.161 3.92886
87900 77.4915 -383.491 3.92954
88000 77.6656 -382.368 3.92893
88100 77.8399 -382.836 3.92714
88200 78.0145 -382.45 3.92921
88300 78.1892 -383.927 3.93161
88400 78.3641 -384.464 3.93253
88500 78.5393 -384.573 3.93462
88600 78.7146 -384.834 3.9326
88700 78.8901 -384.948 3.929
88800 79.0659 -384.952 3.929
88900 79.2418 -357.771 3.93093
89000 79.4179 -364.055 3.93414
89100 79.5942 -365.104 3.93386
89200 79.7707 -365.197 3.93169
89300 79.9475 -365.824 3.9376
89400 80.1244 -366.622 3.93721
89500 80.3015 -353.443 3.94098
89600 80.4788 -359.775 3.94461
89700 80.6563 -362.116 3.94578
89800 80.834 -365.263 3.94983
89900 81.0119 -366.703 3.95287
90000 81.19 -367.688 3.95815
90100 81.3683 -368.127 3.95686
90200 81.5468 -368.515 3.95519
90300 81.7255 -358.799 3.95981
90400 81.9044 -366.57 3.96096
90500 82.0835 -298.498 3.96031
90600 82.2628 -364.136 3.96713
90700 82.4423 -365.957 3.96684
90800 82.6219 -366.71 3.96825
90900 82.8018 -367.65 3.96963
91000 82.9819 -367.909 3.97215
91100 83.1622 -368.36 3.9729
91200 83.3427 -368.621 3.97468
91300 83.5233 -368.781 3.97467
91400 83.7042 -369.165 3.97713
91500 83.8853 -369.088 3.98046
91600 84.0665 -369.138 3.98109
91700 84.248 -369.226 3.98193
91800 84.4297 -369.244 3.98333
91900 84.6115 -369.592 3.98474
92000 84.7936 -369.35 3.98524
92100 84.9759 -370.097 3.98669
92200 85.1583 -382.247 3.9859
92300 85.341 -382.466 3.98646
92400 85.5238 -382.748 3.98489
92500 85.7069 -382.775 3.98664
92600 85.8901 -382.913 3.9854
92700 86.0736 -379.035 3.98585
92800 86.2572 -380.41 3.98577
92900 86.4411 -380.389 3.98514
93000 86.6251 -380.449 3.98317
93100 86.8093 -380.899 3.98313
93200 86.9938 -381.555 3.98366
93300 87.1784 -382.449 3.98704
93400 87.3632 -382.733 3.98777
93500 87.5483 -382.864 3.99546
93600 87.7335 -382.971 3.99619
93700 87.9189 -383.076 3.99981
93800 88.1046 -383.03 4.00138
93900 88.2904 -383.204 4.00255
94000 88.4764 -383.416 4.00421
94100 88.6626 -383.318 4.00475
94200 88.849 -383.395 4.00739
94300 89.0357 -383.447 4.00601
94400 89.2225 -383.54 4.00492
94500 89.4095 -383.509 4.00513
94600 89.5967 -383.605 4.00687
94700 89.7841 -383.589 4.00618
94800 89.9717 -383.776 4.00947
94900 90.1595 -383.884 4.00933
95000 90.3475 -383.868 4.00774
95100 90.5357 -383.925 4.00725
95200 90.7241 -383.985 4.00826
95300 90.9127 -383.933 4.00846
95400 91.1015 -383.901 4.00439
95500 91.2905 -383.892 4.00766
95600 91.4797 -383.832 4.00771
95700 91.6691 -383.951 4.00771
95800 91.8586 -384.027 4.01466
95900 92.0484 -384.03 4.01805
96000 92.2384 -383.992 4.01844
96100 92.4286 -384.108 4.01702
96200 92.619 -384.127 4.02196
96300 92.8095 -383.988 4.02122
96400 93.0003 -383.959 4.0184
96500 93.1913 -376.45 4.01843
96600 93.3824 -381.163 4.01511
96700 93.5738 -383.992 4.01435
96800 93.7654 -384.979 4.01097
96900 93.9571 -385.008 4.01204
97000 94.1491 -385.398 4.01485
97100 94.3413 -376.11 4.01459
97200 94.5336 -382.379 4.01825
97300 94.7262 -382.754 4.02141
97400 94.9189 -383.472 4.01819
97500 95.1119 -383.662 4.02101
97600 95.305 -384.319 4.02113
97700 95.4984 -384.415 4.02388
97800 95.6919 -384.728 4.02516
97900 95.8857 -382.549 4.02546
98000 96.0796 -383.238 4.02635
98100 96.2737 -383.556 4.02714
98200 96.4681 -382.58 4.02765
98300 96.6626 -383.957 4.02474
98400 96.8573 -384.439 4.02561
98500 97.0523 -384.709 4.02579
98600 97.2474 -384.68 4.02389
98700 97.4427 -384.86 4.0248
98800 97.6383 -384.925 4.02682
98900 97.834 -385.101 4.02749
99000 98.0299 -385.213 4.02492
99100 98.226 -385.247 4.03055
99200 98.4223 -385.321 4.03102
99300 98.6189 -385.49 4.02989
99400 98.8156 -385.608 4.02949
99500 99.0125 -385.867 4.02981
99600 99.2096 -385.972 4.02908
99700 99.4069 -385.988 4.03387
99800 99.6044 -386.079 4.03491
99900 99.8021 -386.012 4.03437
100000 100 -386.228 4.03444
