100 1.00001 2315.83 2.50414
200 1.00004 2060.08 2.50895
300 1.0001 2029.7 2.51037
400 1.0002 2024.11 2.51474
500 1.00035 2015.41 2.51681
600 1.00055 1989.45 2.51967
700 1.00082 1982.34 2.52149
800 1.00114 1958.53 2.52495
900 1.00153 1960.43 2.52635
1000 1.00199 1950.54 2.52845
1100 1.00253 1944.01 2.53079
1200 1.00314 1950.48 2.53546
1300 1.00383 1928.9 2.53683
1400 1.00462 1910.51 2.53816
1500 1.00548 1916.94 2.54151
1600 1.00644 1942.38 2.54382
1700 1.0075 1905.01 2.54597
1800 1.00865 1897.44 2.54662
1900 1.0099 1874.65 2.54919
2000 1.01126 1865.4 2.55142
2100 1.01272 1870.46 2.55249
2200 1.01429 1868.52 2.55536
2300 1.01597 1844.82 2.55841
2400 1.01776 1846.84 2.56216
2500 1.01967 1820.15 2.56665
2600 1.02169 1822.5 2.56757
2700 1.02384 1824.8 2.56889
2800 1.02611 1822.02 2.57154
2900 1.0285 1805.39 2.57539
3000 1.03102 1799.41 2.57979
3100 1.03367 1789.52 2.58294
3200 1.03645 1797.38 2.58443
3300 1.03937 1759.42 2.58671
3400 1.04242 1770.21 2.59029
3500 1.04561 1747.18 2.59262
3600 1.04893 1755.11 2.59598
3700 1.0524 1735.27 2.60112
3800 1.05602 1729.34 2.60448
3900 1.05977 1737.28 2.6054
4000 1.06368 1710.67 2.60703
4100 1.06773 1699.37 2.60961
4200 1.07194 1681.29 2.61143
4300 1.0763 1705.53 2.61418
4400 1.08081 1695.43 2.61554
4500 1.08548 1679.63 2.61614
4600 1.09031 1675.99 2.61794
4700 1.0953 1689.71 2.62242
4800 1.10045 1659.9 2.62342
4900 1.10577 1656.33 2.62472
5000 1.11124 1651.69 2.62714
5100 1.11689 1641.72 2.6311
5200 1.1227 1646.43 2.63502
5300 1.12869 1647.93 2.63968
5400 1.13485 1610.5 2.64199
5500 1.14118 1605.57 2.64643
5600 1.14768 1590.81 2.6518
5700 1.15436 1567.45 2.65444
5800 1.16122 1583.87 2.65572
5900 1.16826 1567.48 2.65846
6000 1.17548 1575.9 2.66189
6100 1.18288 1555.96 2.66538
6200 1.19047 1545.91 2.66764
6300 1.19825 1534.83 2.67214
6400 1.20621 1532.81 2.67481
6500 1.21436 1506.04 2.68058
6600 1.2227 1523.65 2.68162
6700 1.23123 1512.75 2.68377
6800 1.23995 1499.42 2.68676
6900 1.24887 1484.72 2.69167
7000 1.25799 1475.52 2.69436
7100 1.2673 1456.36 2.69817
7200 1.27681 1446.18 2.70326
7300 1.28652 1453.04 2.70371
7400 1.29644 1446.95 2.708
7500 1.30655 1457.36 2.70923
7600 1.31687 1460.66 2.71154
7700 1.3274 1450.51 2.71433
7800 1.33813 1448.13 2.7176
7900 1.34908 1435.25 2.71921
8000 1.36023 1404.01 2.72142
8100 1.37159 1411.15 2.72164
8200 1.38317 1401.18 2.7258
8300 1.39496 1405.96 2.72885
8400 1.40696 1393.03 2.73336
8500 1.41918 1367.27 2.73818
8600 1.43162 1383.17 2.74221
8700 1.44427 1356.48 2.74857
8800 1.45715 1360.73 2.75066
8900 1.47025 1348.86 2.75486
9000 1.48357 1326.97 2.75716
9100 1.49711 1322.35 2.75979
9200 1.51088 1312.4 2.76367
9300 1.52488 1319.96 2.76898
9400 1.5391 1306.52 2.77281
9500 1.55356 1293.24 2.7762
9600 1.56824 1301.14 2.77991
9700 1.58315 1288.71 2.78317
9800 1.5983 1277.37 2.78783
9900 1.61368 1272.41 2.79107
10000 1.62929 1264.44 2.79503
10100 1.64514 1257.49 2.7977
10200 1.66123 1245.2 2.80021
10300 1.67756 1222.66 2.80619
10400 1.69412 1223.89 2.80756
10500 1.71093 1218.44 2.81095
10600 1.72798 1222.35 2.81329
10700 1.74527 1212.68 2.81572
10800 1.7628 1196.27 2.81975
10900 1.78058 1211.92 2.82057
11000 1.79861 1194.88 2.82506
11100 1.81688 1187.23 2.82853
11200 1.83541 1176.08 2.83202
11300 1.85418 1166.93 2.83783
11400 1.8732 1167.3 2.83983
11500 1.89248 1151.86 2.84404
11600 1.91201 1143.86 2.84673
11700 1.93179 1134.12 2.85038
11800 1.95183 1123.56 2.85426
11900 1.97212 1116.85 2.85807
12000 1.99267 1112 2.8606
12100 2.01348 1112.67 2.86346
12200 2.03455 1110.33 2.86568
12300 2.05588 1105.06 2.86995
12400 2.07748 1096.28 2.87212
12500 2.09933 1081.56 2.87541
12600 2.12145 1077.53 2.87928
12700 2.14383 1072.18 2.88582
12800 2.16648 1056.82 2.88967
12900 2.1894 1066.71 2.89415
13000 2.21258 1051.74 2.89556
13100 2.23604 1039.37 2.9008
13200 2.25976 1029.79 2.90442
13300 2.28376 1029.66 2.90657
13400 2.30802 1023.91 2.91257
13500 2.33256 1017.89 2.91629
13600 2.35738 1010.19 2.92198
13700 2.38247 1000.74 2.92679
13800 2.40783 991.106 2.93365
13900 2.43347 972.949 2.93725
14000 2.4594 961.977 2.94035
14100 2.4856 956.64 2.94351
14200 2.51208 951.154 2.94643
14300 2.53884 949.4 2.9513
14400 2.56588 931.291 2.95717
14500 2.59321 925.913 2.96278
14600 2.62082 919.689 2.96744
14700 2.64872 912.404 2.97181
14800 2.6769 904.028 2.97469
14900 2.70537 904.792 2.97796
15000 2.73413 905.607 2.98067
15100 2.76318 899.924 2.9852
15200 2.79251 889.312 2.98985
15300 2.82214 873.538 2.99191
15400 2.85206 877.14 2.99648
15500 2.88227 865.853 3.00064
15600 2.91278 856.5 3.0063
15700 2.94358 846.722 3.01062
15800 2.97468 843.649 3.01414
15900 3.00607 846.07 3.01572
16000 3.03776 850.691 3.02002
16100 3.06975 840.777 3.02299
16200 3.10204 827.094 3.02644
16300 3.13463 821.273 3.03145
16400 3.16752 812.33 3.03629
16500 3.20071 815.176 3.03981
16600 3.23421 796.183 3.04644
16700 3.26801 779.593 3.052
16800 3.30211 780.651 3.05449
16900 3.33652 781.438 3.05823
17000 3.37124 781.401 3.06136
17100 3.40626 770.01 3.06644
17200 3.4416 766.082 3.06964
17300 3.47724 757.3 3.07547
17400 3.5132 760.496 3.0788
17500 3.54946 736.593 3.08367
17600 3.58604 710.431 3.08937
17700 3.62293 688.633 3.09396
17800 3.66013 734.638 3.10042
17900 3.69765 724.619 3.10576
18000 3.73549 685.237 3.11045
18100 3.77364 711.41 3.11333
18200 3.81211 708.429 3.11641
18300 3.85089 650.907 3.11982
18400 3.89 697.459 3.12551
18500 3.92943 653.699 3.13013
18600 3.96917 648.679 3.13306
18700 4.00924 649.292 3.13741
18800 4.04963 660.004 3.14263
18900 4.09035 654.627 3.14741
19000 4.13139 646.262 3.15377
19100 4.17275 651.478 3.15916
19200 4.21445 636.888 3.16433
19300 4.25646 600.667 3.17017
19400 4.29881 592.125 3.17477
19500 4.34149 619.769 3.18302
19600 4.38449 607.841 3.18675
19700 4.42782 588.607 3.19121
19800 4.47149 590.886 3.19827
19900 4.51549 509.152 3.20481
20000 4.55982 540.292 3.20945
20100 4.60448 524.81 3.21427
20200 4.64948 536.364 3.22041
20300 4.69482 535.144 3.22505
20400 4.74049 486.131 3.22746
20500 4.7865 471.82 3.23216
20600 4.83284 481.236 3.23936
20700 4.87953 487.832 3.24456
20800 4.92655 429.842 3.2499
20900 4.97392 519.407 3.25646
21000 5.02162 458.281 3.26126
21100 5.06967 465.359 3.26649
21200 5.11806 487.384 3.27303
21300 5.16679 509.493 3.27597
21400 5.21587 412.823 3.28171
21500 5.2653 400.097 3.28592
21600 5.31507 392.339 3.2893
21700 5.36518 447.857 3.29624
21800 5.41565 381.238 3.3018
21900 5.46646 224.192 3.30876
22000 5.51762 266.132 3.31572
22100 5.56913 273.685 3.3211
22200 5.621 88.6346 3.32359
22300 5.67321 -111.283 3.32966
22400 5.72578 -265.609 3.33344
22500 5.7787 -298.652 3.33771
22600 5.83197 -299.824 3.34342
22700 5.8856 -294.518 3.34417
22800 5.93958 -305.779 3.34513
22900 5.99392 -307.226 3.34883
23000 6.04862 -331.896 3.3509
23100 6.10368 -331.613 3.35416
23200 6.15909 -333.035 3.35839
23300 6.21486 -316.959 3.36248
23400 6.271 -331.761 3.3642
23500 6.32749 -346.026 3.36735
23600 6.38435 -349.534 3.37203
23700 6.44157 -310.605 3.37555
23800 6.49915 -346.811 3.37897
23900 6.5571 -351.008 3.3787
24000 6.61541 -320.789 3.38064
24100 6.67408 -347.421 3.38242
24200 6.73313 -352.581 3.38712
24300 6.79254 -349.586 3.38946
24400 6.85231 -349.075 3.38927
24500 6.91246 -346.442 3.38988
24600 6.97298 -332.356 3.38963
24700 7.03386 -327.777 3.38892
24800 7.09512 -363.619 3.39066
24900 7.15675 -364.655 3.39005
25000 7.21875 -365.388 3.39349
25100 7.28112 -283.563 3.39795
25200 7.34387 -360.555 3.39759
25300 7.40699 -361.343 3.40075
25400 7.47049 -366.908 3.4023
25500 7.53437 -367.013 3.40386
25600 7.59862 -360.086 3.4072
25700 7.66325 -366.131 3.40874
25800 7.72825 -366.442 3.40872
25900 7.79364 -371.996 3.40993
26000 7.85941 -373.128 3.40957
26100 7.92555 -372.308 3.41145
26200 7.99208 -381.817 3.41232
26300 8.05899 -373.046 3.41217
26400 8.12628 -372.329 3.41123
26500 8.19396 -372.859 3.41278
26600 8.26202 -356.705 3.41218
26700 8.33046 -356.22 3.41361
26800 8.39929 -341.962 3.41336
26900 8.46851 -369.316 3.4139
27000 8.53811 -366.701 3.41594
27100 8.6081 -368.207 3.42375
27200 8.67848 -370.286 3.42349
27300 8.74925 -349.329 3.4222
27400 8.82041 -351.634 3.41999
27500 8.89196 -359.422 3.42313
27600 8.9639 -369.577 3.42658
27700 9.03623 -340.729 3.42844
27800 9.10896 -341.484 3.4285
27900 9.18208 -341.424 3.43112
28000 9.25559 -355.749 3.43355
28100 9.3295 -374.775 3.43139
28200 9.4038 -391.417 3.43163
28300 9.4785 -394.051 3.43383
28400 9.5536 -379.534 3.43533
28500 9.62909 -392.77 3.43506
28600 9.70499 -394.648 3.43543
28700 9.78128 -395.578 3.44009
28800 9.85797 -396.309 3.44128
28900 9.93506 -396.688 3.4398
29000 10.0126 -368.923 3.44046
29100 10.0905 -389.889 3.44163
29200 10.1688 -392.873 3.44459
29300 10.2475 -394.712 3.4468
29400 10.3266 -399.293 3.44905
29500 10.4061 -385.32 3.45036
29600 10.486 -400.705 3.4563
29700 10.5663 -399.216 3.45764
29800 10.647 -398.158 3.45633
29900 10.7282 -399.406 3.45881
30000 10.8097 -400.148 3.46099
30100 10.8917 -400.576 3.46436
30200 10.974 -399.858 3.46634
30300 11.0568 -400.792 3.46559
30400 11.14 -400.2 3.46767
30500 11.2236 -367.127 3.46713
30600 11.3076 -400.949 3.46703
30700 11.392 -401.389 3.4679
30800 11.4768 -401.275 3.46826
30900 11.5621 -400.759 3.46944
31000 11.6477 -400.825 3.47037
31100 11.7338 -400.589 3.47251
31200 11.8203 -401.271 3.47068
31300 11.9072 -399.957 3.46915
31400 11.9945 -401.229 3.46911
31500 12.0823 -399.939 3.47077
31600 12.1705 -400.805 3.47505
31700 12.259 -402.486 3.47772
31800 12.348 -401.196 3.47493
31900 12.4375 -401.312 3.47613
32000 12.5273 -401.708 3.47779
32100 12.6176 -401.47 3.48173
32200 12.7083 -401.327 3.48203
32300 12.7994 -401.796 3.48214
32400 12.8909 -401.038 3.48435
32500 12.9829 -402.726 3.48336
32600 13.0753 -402.469 3.48086
32700 13.1681 -400.927 3.47779
32800 13.2613 -401.474 3.47874
32900 13.355 -402.048 3.4807
33000 13.4491 -402.378 3.48408
33100 13.5436 -402.16 3.48137
33200 13.6386 -402.233 3.48325
33300 13.734 -402.471 3.48453
33400 13.8298 -401.97 3.48383
33500 13.926 -389.341 3.48355
33600 14.0227 -399.236 3.48389
33700 14.1198 -381.519 3.4873
33800 14.2174 -357.44 3.48902
33900 14.3153 -399.733 3.49391
34000 14.4138 -399.082 3.49551
34100 14.5126 -390.378 3.49541
34200 14.6119 -392.802 3.49689
34300 14.7116 -386.452 3.49898
34400 14.8118 -401.964 3.50011
34500 14.9124 -403.12 3.49963
34600 15.0134 -402.727 3.49956
34700 15.1149 -403.432 3.49879
34800 15.2168 -380.096 3.49955
34900 15.3191 -401.749 3.50094
35000 15.4219 -401.496 3.50536
35100 15.5252 -402.542 3.5075
35200 15.6288 -402.35 3.50742
35300 15.733 -402.806 3.51169
35400 15.8375 -401.943 3.5126
35500 15.9425 -403.356 3.51277
35600 16.048 -403.895 3.51607
35700 16.1539 -402.862 3.51749
35800 16.2602 -403.863 3.51637
35900 16.367 -404.17 3.52068
36000 16.4742 -403.123 3.52456
36100 16.5819 -403.449 3.53035
36200 16.6901 -403.794 3.53169
36300 16.7986 -403.579 3.53445
36400 16.9077 -403.46 3.53449
36500 17.0171 -403.786 3.53065
36600 17.1271 -403.15 3.53339
36700 17.2375 -403.399 3.53477
36800 17.3483 -404.412 3.53614
36900 17.4596 -403.987 3.53827
37000 17.5713 -404.888 3.54027
37100 17.6835 -404.427 3.53909
37200 17.7962 -404.637 3.53707
37300 17.9093 -404.504 3.53797
37400 18.0228 -403.956 3.5354
37500 18.1369 -404.283 3.53343
37600 18.2513 -404.268 3.53552
37700 18.3663 -404.779 3.53412
37800 18.4817 -404.696 3.53625
37900 18.5975 -404.335 3.53573
38000 18.7138 -403.843 3.53553
38100 18.8306 -404.819 3.5348
38200 18.9478 -403.59 3.53554
38300 19.0655 -404.354 3.53935
38400 19.1837 -403.763 3.54075
38500 19.3023 -404.516 3.54267
38600 19.4213 -404.507 3.54228
38700 19.5409 -404.89 3.54586
38800 19.6609 -404.682 3.54718
38900 19.7814 -404.702 3.54854
39000 19.9023 -405.076 3.54884
39100 20.0237 -405.075 3.55073
39200 20.1456 -364.703 3.55288
39300 20.2679 -387.862 3.55493
39400 20.3907 -405.042 3.55524
39500 20.514 -404.072 3.55663
39600 20.6377 -405.358 3.55899
39700 20.7619 -405.22 3.56017
39800 20.8866 -405.255 3.56023
39900 21.0118 -404.795 3.56104
40000 21.1374 -405.476 3.56175
40100 21.2635 -404.967 3.5651
40200 21.39 -404.922 3.56482
40300 21.5171 -405.028 3.56615
40400 21.6446 -405.113 3.56917
40500 21.7726 -404.943 3.56635
40600 21.9011 -405.053 3.56537
40700 22.03 -404.864 3.56539
40800 22.1594 -405.081 3.56175
40900 22.2893 -405.034 3.56232
41000 22.4197 -405.392 3.5639
41100 22.5505 -405.324 3.56367
41200 22.6818 -405.07 3.56414
41300 22.8136 -405.639 3.56751
41400 22.9459 -405.358 3.57116
41500 23.0787 -405.793 3.57463
41600 23.2119 -405.857 3.57541
41700 23.3457 -405.823 3.57321
41800 23.4799 -406.344 3.57334
41900 23.6146 -405.933 3.57523
42000 23.7497 -405.816 3.5755
42100 23.8854 -406.403 3.57749
42200 24.0215 -405.956 3.57741
42300 24.1582 -405.689 3.58114
42400 24.2953 -404.818 3.58163
42500 24.4329 -405.346 3.58218
42600 24.5709 -405.88 3.58248
42700 24.7095 -405.857 3.58619
42800 24.8486 -405.818 3.58528
42900 24.9881 -405.575 3.58546
43000 25.1282 -406.324 3.58386
43100 25.2687 -405.826 3.58434
43200 25.4097 -405.606 3.58392
43300 25.5512 -405.857 3.58646
43400 25.6932 -405.904 3.58413
43500 25.8357 -406.055 3.58386
43600 25.9787 -406.571 3.58085
43700 26.1221 -406.073 3.57751
43800 26.2661 -405.991 3.57837
43900 26.4106 -405.775 3.58005
44000 26.5555 -406.032 3.58133
44100 26.701 -405.834 3.58241
44200 26.8469 -405.972 3.57984
44300 26.9934 -405.134 3.58104
44400 27.1403 -406.596 3.5801
44500 27.2877 -405.968 3.58089
44600 27.4357 -406.033 3.58186
44700 27.5841 -406.056 3.58435
44800 27.733 -405.957 3.58431
44900 27.8825 -405.991 3.58357
45000 28.0324 -406.159 3.58331
45100 28.1828 -406.098 3.58542
45200 28.3337 -405.868 3.58469
45300 28.4852 -405.792 3.58765
45400 28.6371 -406.174 3.58417
45500 28.7896 -405.762 3.58426
45600 28.9425 -406.189 3.58629
45700 29.0959 -406.456 3.58445
45800 29.2499 -405.717 3.58348
45900 29.4043 -405.874 3.58086
46000 29.5593 -407.324 3.57768
46100 29.7148 -407.652 3.57629
46200 29.8707 -407.648 3.57494
46300 30.0272 -407.647 3.5788
46400 30.1842 -407.671 3.57963
46500 30.3417 -406.915 3.58226
46600 30.4997 -407.633 3.58186
46700 30.6582 -407.077 3.57873
46800 30.8173 -407.648 3.5791
46900 30.9768 -407.942 3.57762
47000 31.1368 -407.572 3.57859
47100 31.2974 -406.961 3.57543
47200 31.4585 -407.187 3.57785
47300 31.6201 -407.43 3.57774
47400 31.7821 -407.766 3.57685
47500 31.9448 -407.886 3.57762
47600 32.1079 -407.248 3.57923
47700 32.2715 -407.279 3.58227
47800 32.4357 -408.159 3.58698
47900 32.6003 -407.893 3.58536
48000 32.7655 -407.95 3.5858
48100 32.9312 -407.978 3.58953
48200 33.0975 -407.851 3.58823
48300 33.2642 -407.929 3.58919
48400 33.4315 -407.837 3.59266
48500 33.5992 -407.739 3.59311
48600 33.7675 -407.8 3.59091
48700 33.9364 -407.89 3.59267
48800 34.1057 -407.133 3.59485
48900 34.2755 -407.741 3.59415
49000 34.4459 -408.123 3.59532
49100 34.6168 -408.216 3.59308
49200 34.7883 -407.953 3.59347
49300 34.9602 -407.654 3.59383
49400 35.1327 -407.189 3.59705
49500 35.3057 -407.227 3.59328
49600 35.4792 -407.715 3.59366
49700 35.6533 -407.756 3.59661
49800 35.8278 -408.395 3.59638
49900 36.0029 -406.879 3.59899
50000 36.1786 -407.755 3.59771
50100 36.3547 -408.08 3.59982
50200 36.5314 -407.86 3.60301
50300 36.7086 -407.936 3.60256
50400 36.8864 -407.917 3.60271
50500 37.0646 -408.243 3.60202
50600 37.2434 -408.249 3.60231
50700 37.4228 -407.636 3.60412
50800 37.6026 -408.407 3.60657
50900 37.783 -407.738 3.607
51000 37.964 -407.689 3.6091
51100 38.1454 -407.933 3.60731
51200 38.3274 -405.989 3.60619
51300 38.51 -406.851 3.60758
51400 38.693 -407.086 3.60708
51500 38.8766 -407.276 3.60826
51600 39.0607 -407.474 3.60901
51700 39.2454 -407.435 3.60889
51800 39.4306 -407.658 3.60899
51900 39.6164 -407.654 3.61108
52000 39.8027 -407.914 3.61309
52100 39.9895 -408.117 3.61674
52200 40.1768 -407.962 3.61958
52300 40.3647 -408.196 3.62024
52400 40.5532 -408.17 3.62091
52500 40.7421 -407.619 3.61743
52600 40.9317 -407.827 3.61903
52700 41.1217 -407.866 3.61965
52800 41.3123 -407.991 3.61828
52900 41.5035 -408.092 3.61689
53000 41.6952 -407.859 3.61642
53100 41.8874 -408.052 3.61834
53200 42.0802 -408.18 3.6163
53300 42.2735 -408.216 3.6167
53400 42.4673 -407.981 3.61149
53500 42.6618 -408.192 3.61147
53600 42.8567 -407.889 3.61573
53700 43.0522 -408.002 3.61732
53800 43.2483 -408.047 3.61837
53900 43.4448 -407.891 3.62158
54000 43.642 -407.526 3.62169
54100 43.8397 -408.038 3.62167
54200 44.0379 -408.263 3.62353
54300 44.2367 -408.148 3.62377
54400 44.4361 -407.507 3.62118
54500 44.6359 -407.714 3.62216
54600 44.8364 -407.92 3.61923
54700 45.0374 -407.932 3.61898
54800 45.2389 -407.754 3.62006
54900 45.441 -407.874 3.61758
55000 45.6437 -408.141 3.61759
55100 45.8469 -407.816 3.62176
55200 46.0506 -407.752 3.62363
55300 46.2549 -408.145 3.62598
55400 46.4598 -407.726 3.6248
55500 46.6652 -407.976 3.62561
55600 46.8712 -408.165 3.62361
55700 47.0777 -408.295 3.62289
55800 47.2848 -408.104 3.62418
55900 47.4925 -408.157 3.62207
56000 47.7007 -408.012 3.62301
56100 47.9094 -408.463 3.62286
56200 48.1188 -408.098 3.62256
56300 48.3286 -408.087 3.62164
56400 48.5391 -408.237 3.62284
56500 48.7501 -408.385 3.6219
56600 48.9617 -408.663 3.6202
56700 49.1738 -408.251 3.61892
56800 49.3865 -407.673 3.62084
56900 49.5997 -407.451 3.62181
57000 49.8135 -407.618 3.62188
57100 50.0279 -408.344 3.61998
57200 50.2428 -408.222 3.62151
57300 50.4584 -408.153 3.62356
57400 50.6744 -408.261 3.62587
57500 50.8911 -408.128 3.62384
57600 51.1083 -408.146 3.6265
57700 51.326 -407.985 3.62587
57800 51.5444 -408.177 3.62584
57900 51.7633 -408.393 3.62622
58000 51.9827 -408.231 3.62662
58100 52.2028 -408.221 3.62232
58200 52.4234 -408.018 3.6251
58300 52.6445 -408.011 3.6276
58400 52.8663 -407.683 3.62706
58500 53.0886 -407.864 3.62951
58600 53.3115 -408.06 3.62748
58700 53.535 -407.919 3.63
58800 53.759 -407.59 3.62656
58900 53.9836 -408.115 3.62441
59000 54.2088 -408.087 3.6264
59100 54.4345 -408.15 3.62427
59200 54.6608 -408.241 3.62258
59300 54.8877 -407.111 3.6233
59400 55.1152 -407.583 3.62217
59500 55.3432 -408.17 3.62404
59600 55.5719 -406.625 3.62301
59700 55.8011 -407.197 3.62333
59800 56.0308 -407.674 3.6235
59900 56.2612 -407.735 3.62462
60000 56.4921 -407.801 3.62151
60100 56.7236 -407.979 3.62248
60200 56.9557 -408.048 3.62507
60300 57.1884 -408.244 3.62414
60400 57.4216 -408.346 3.62024
60500 57.6554 -408.129 3.61761
60600 57.8898 -408.196 3.61778
60700 58.1248 -408.238 3.61668
60800 58.3604 -408.273 3.61378
60900 58.5965 -407.949 3.61225
61000 58.8333 -408.175 3.61469
61100 59.0706 -408.252 3.61185
61200 59.3085 -408.285 3.61055
61300 59.5469 -408.51 3.61547
61400 59.786 -408.28 3.61643
61500 60.0257 -408.243 3.61564
61600 60.2659 -405.649 3.61655
61700 60.5067 -406.323 3.61704
61800 60.7481 -406.576 3.61512
61900 60.9901 -406.745 3.61478
62000 61.2327 -406.539 3.61679
62100 61.4759 -406.799 3.61804
62200 61.7196 -406.866 3.61617
62300 61.964 -406.728 3.61375
62400 62.2089 -406.139 3.61328
62500 62.4544 -406.302 3.61223
62600 62.7005 -406.507 3.61243
62700 62.9472 -406.547 3.61478
62800 63.1945 -406.552 3.61554
62900 63.4424 -406.587 3.61834
63000 63.6909 -406.739 3.61983
63100 63.94 -406.781 3.62067
63200 64.1896 -406.894 3.61645
63300 64.4399 -406.954 3.61819
63400 64.6907 -406.491 3.61775
63500 64.9422 -406.715 3.62111
63600 65.1942 -406.679 3.62463
63700 65.4468 -406.561 3.62453
63800 65.7001 -406.882 3.62864
63900 65.9539 -406.816 3.62571
64000 66.2083 -406.799 3.62436
64100 66.4633 -406.897 3.62603
64200 66.719 -406.717 3.62363
64300 66.9752 -406.91 3.62433
64400 67.232 -406.907 3.62236
64500 67.4894 -406.912 3.62401
64600 67.7474 -406.979 3.62705
64700 68.006 -407.134 3.62908
64800 68.2652 -406.862 3.62808
64900 68.525 -406.993 3.62835
65000 68.7854 -407.166 3.6285
65100 69.0465 -407.082 3.63164
65200 69.3081 -407.141 3.62993
65300 69.5703 -406.939 3.62965
65400 69.8331 -406.659 3.62764
65500 70.0965 -406.843 3.62896
65600 70.3606 -406.822 3.62861
65700 70.6252 -406.98 3.62742
65800 70.8904 -406.82 3.62574
65900 71.1563 -406.957 3.62621
66000 71.4227 -407.092 3.62588
66100 71.6898 -406.83 3.6296
66200 71.9575 -406.65 3.62842
66300 72.2257 -406.945 3.63003
66400 72.4946 -406.734 3.63029
66500 72.7641 -407.008 3.62995
66600 73.0342 -406.927 3.63054
66700 73.3049 -406.899 3.63344
66800 73.5762 -406.931 3.63289
66900 73.8481 -407.128 3.63081
67000 74.1207 -407.103 3.63045
67100 74.3938 -360.044 3.63218
67200 74.6676 -406.786 3.63331
67300 74.9419 -406.825 3.6341
67400 75.2169 -406.622 3.63541
67500 75.4925 -406.798 3.63553
67600 75.7687 -406.943 3.63714
67700 76.0455 -406.797 3.63972
67800 76.3229 -406.707 3.64119
67900 76.601 -407.088 3.64035
68000 76.8797 -407.097 3.64141
68100 77.1589 -407.053 3.64212
68200 77.4388 -406.795 3.64162
68300 77.7193 -406.942 3.63845
68400 78.0005 -406.966 3.63828
68500 78.2822 -406.189 3.6368
68600 78.5646 -404.357 3.63487
68700 78.8475 -406.54 3.6362
68800 79.1311 -405.877 3.63784
68900 79.4154 -406.522 3.63863
69000 79.7002 -406.893 3.63958
69100 79.9856 -406.983 3.63976
69200 80.2717 -407.095 3.64261
69300 80.5584 -406.911 3.64452
69400 80.8457 -406.94 3.64325
69500 81.1337 -407.136 3.64242
69600 81.4222 -407.025 3.64236
69700 81.7114 -407.029 3.64346
69800 82.0012 -407.139 3.64277
69900 82.2917 -407.097 3.63797
70000 82.5827 -406.989 3.63956
70100 82.8744 -406.948 3.63731
70200 83.1667 -407.105 3.63601
70300 83.4596 -407.086 3.63579
70400 83.7532 -407.202 3.63592
70500 84.0474 -407.243 3.63491
70600 84.3422 -407.208 3.63611
70700 84.6376 -407.052 3.63495
70800 84.9337 -407.041 3.63485
70900 85.2304 -407.105 3.63499
71000 85.5277 -407.256 3.63763
71100 85.8256 -407.084 3.63619
71200 86.1242 -407.039 3.63765
71300 86.4234 -407.237 3.63827
71400 86.7232 -407.253 3.64032
71500 87.0237 -407.178 3.64032
71600 87.3248 -407.223 3.6422
71700 87.6265 -407.261 3.64031
71800 87.9289 -407.133 3.63864
71900 88.2319 -407.218 3.63804
72000 88.5355 -407.274 3.63562
72100 88.8398 -407.014 3.63766
72200 89.1447 -407.19 3.63718
72300 89.4502 -407.272 3.63895
72400 89.7564 -407.227 3.64139
72500 90.0632 -407.179 3.64082
72600 90.3706 -407.146 3.64362
72700 90.6787 -407.064 3.64575
72800 90.9874 -407.173 3.64691
72900 91.2967 -407.303 3.64722
73000 91.6067 -407.38 3.64386
73100 91.9173 -407.212 3.64806
73200 92.2286 -407.232 3.65044
73300 92.5404 -407.348 3.65094
73400 92.853 -407.333 3.65159
73500 93.1661 -407.293 3.64861
73600 93.48 -407.199 3.64955
73700 93.7944 -407.174 3.65334
73800 94.1095 -407.236 3.65342
73900 94.4252 -407.156 3.65336
74000 94.7416 -407.208 3.64933
74100 95.0586 -407.202 3.65295
74200 95.3763 -407.209 3.65135
74300 95.6946 -407.083 3.65106
74400 96.0135 -407.087 3.6456
74500 96.3331 -406.235 3.64709
74600 96.6533 -406.439 3.64768
74700 96.9742 -406.865 3.651
74800 97.2957 -406.912 3.64954
74900 97.6179 -406.961 3.65005
75000 97.9407 -407.173 3.65009
75100 98.2642 -407.13 3.64903
75200 98.5883 -407.248 3.64996
75300 98.913 -406.873 3.6462
75400 99.2384 -407.131 3.64375
75500 99.5645 -407.043 3.64465
75600 99.8912 -407.179 3.64565
75700 100.219 -407.105 3.64928
75800 100.547 -407.098 3.65309
75900 100.875 -407.115 3.65274
76000 101.204 -387.375 3.65066
76100 101.534 -406.464 3.65065
76200 101.865 -406.961 3.65113
76300 102.196 -406.944 3.65208
76400 102.528 -406.905 3.65343
76500 102.861 -406.808 3.65332
76600 103.194 -406.892 3.65002
76700 103.528 -407.029 3.64763
76800 103.862 -407.032 3.64792
76900 104.197 -406.951 3.64988
77000 104.533 -407.017 3.64974
77100 104.87 -407.075 3.64706
77200 105.207 -407.096 3.64819
77300 105.545 -407.147 3.64737
77400 105.883 -407.031 3.65011
77500 106.222 -406.978 3.64766
77600 106.562 -407.161 3.64716
77700 106.902 -407.165 3.64708
77800 107.243 -407.063 3.64399
77900 107.585 -407.191 3.64404
78000 107.928 -407.03 3.64432
78100 108.271 -407.072 3.64348
78200 108.614 -407.232 3.64409
78300 108.959 -407.281 3.64785
78400 109.304 -407.507 3.64464
78500 109.649 -407.36 3.64135
78600 109.996 -407.405 3.64138
78700 110.343 -407.385 3.63985
78800 110.69 -407.344 3.63975
78900 111.039 -407.299 3.6387
79000 111.388 -407.414 3.63998
79100 111.737 -407.272 3.63848
79200 112.088 -407.155 3.63641
79300 112.439 -407.171 3.6353
79400 112.79 -407.238 3.63997
79500 113.143 -407.225 3.64023
79600 113.496 -407.091 3.63654
79700 113.849 -407.261 3.63933
79800 114.204 -407.305 3.63659
79900 114.559 -407.444 3.63687
80000 114.914 -407.357 3.63514
80100 115.271 -407.321 3.63552
80200 115.628 -407.186 3.63513
80300 115.985 -407.238 3.63563
80400 116.344 -407.345 3.6357
80500 116.703 -407.381 3.6351
80600 117.062 -407.522 3.63817
80700 117.422 -407.344 3.63532
80800 117.783 -407.227 3.6335
80900 118.145 -407.319 3.63496
81000 118.508 -407.434 3.63522
81100 118.871 -405.847 3.63781
81200 119.234 -407.372 3.64268
81300 119.599 -407.456 3.64425
81400 119.964 -407.43 3.64146
81500 120.329 -407.327 3.6412
81600 120.696 -407.585 3.64136
81700 121.063 -407.605 3.64118
81800 121.43 -407.296 3.64231
81900 121.799 -407.451 3.63961
82000 122.168 -407.361 3.64183
82100 122.538 -407.344 3.64308
82200 122.908 -407.42 3.64674
82300 123.279 -407.396 3.64934
82400 123.651 -407.561 3.65038
82500 124.023 -407.311 3.64785
82600 124.397 -407.341 3.64476
82700 124.77 -407.415 3.64599
82800 125.145 -407.454 3.64626
82900 125.52 -407.453 3.64611
83000 125.896 -407.39 3.64806
83100 126.272 -407.585 3.64709
83200 126.65 -407.522 3.64714
83300 127.028 -407.596 3.64575
83400 127.406 -407.527 3.64239
83500 127.785 -407.416 3.64328
83600 128.165 -407.359 3.64349
83700 128.546 -407.501 3.64348
83800 128.927 -407.526 3.64357
83900 129.309 -407.438 3.64049
84000 129.692 -406.893 3.63914
84100 130.075 -407.108 3.64063
84200 130.459 -407.297 3.64291
84300 130.844 -407.197 3.64448
84400 131.229 -407.367 3.64195
84500 131.616 -406.705 3.63699
84600 132.002 -407.215 3.63544
84700 132.39 -407.133 3.63511
84800 132.778 -407.182 3.6352
84900 133.167 -406.985 3.6322
85000 133.556 -407.199 3.63266
85100 133.947 -407.295 3.63525
85200 134.337 -406.891 3.63728
85300 134.729 -407.384 3.63754
85400 135.121 -407.217 3.63711
85500 135.514 -407.327 3.63438
85600 135.908 -407.434 3.63623
85700 136.302 -407.257 3.63442
85800 136.697 -407.384 3.63904
85900 137.093 -407.333 3.64165
86000 137.489 -407.537 3.64244
86100 137.887 -407.625 3.64103
86200 138.284 -407.606 3.63859
86300 138.683 -407.559 3.63768
86400 139.082 -407.568 3.63455
86500 139.482 -407.55 3.63159
86600 139.883 -407.557 3.63119
86700 140.284 -407.404 3.63107
86800 140.686 -407.534 3.63057
86900 141.089 -407.512 3.63304
87000 141.492 -407.572 3.63424
87100 141.896 -407.491 3.63405
87200 142.301 -407.522 3.63644
87300 142.706 -407.583 3.63718
87400 143.112 -407.565 3.63728
87500 143.519 -407.66 3.63171
87600 143.927 -407.643 3.63328
87700 144.335 -407.534 3.63592
87800 144.744 -407.572 3.63695
87900 145.154 -407.581 3.63473
88000 145.564 -407.479 3.63062
88100 145.975 -407.548 3.63122
88200 146.387 -407.433 3.63459
88300 146.799 -406.17 3.63575
88400 147.212 -406.891 3.63305
88500 147.626 -407.099 3.6293
88600 148.041 -407.212 3.6298
88700 148.456 -405.503 3.63223
88800 148.872 -405.899 3.63375
88900 149.289 -406.08 3.63516
89000 149.706 -406.078 3.63424
89100 150.124 -406.19 3.63675
89200 150.543 -406.25 3.63836
89300 150.962 -406.197 3.64041
89400 151.382 -406.246 3.64129
89500 151.803 -406.171 3.64305
89600 152.225 -406.328 3.64632
89700 152.647 -406.255 3.64599
89800 153.07 -406.172 3.64486
89900 153.494 -406.195 3.64579
90000 153.918 -406.359 3.64715
90100 154.343 -406.407 3.64801
90200 154.769 -406.397 3.64774
90300 155.196 -406.302 3.64869
90400 155.623 -406.394 3.64806
90500 156.051 -406.159 3.65354
90600 156.48 -406.23 3.65368
90700 156.909 -406.295 3.65342
90800 157.339 -406.338 3.65411
90900 157.77 -406.436 3.65957
91000 158.201 -406.371 3.65956
91100 158.634 -406.358 3.66081
91200 159.067 -406.13 3.66203
91300 159.5 -406.333 3.66264
91400 159.935 -406.277 3.66253
91500 160.37 -406.38 3.66182
91600 160.806 -406.416 3.66277
91700 161.242 -406.432 3.66427
91800 161.679 -406.443 3.66293
91900 162.117 -406.587 3.66369
92000 162.556 -406.594 3.66458
92100 162.995 -406.245 3.66254
92200 163.435 -406.523 3.6616
92300 163.876 -406.503 3.65604
92400 164.318 -406.561 3.65688
92500 164.76 -406.447 3.65572
92600 165.203 -406.573 3.65556
92700 165.646 -406.544 3.65341
92800 166.091 -406.422 3.65373
92900 166.536 -406.488 3.65426
93000 166.982 -406.444 3.65326
93100 167.428 -406.625 3.65514
93200 167.876 -406.607 3.65547
93300 168.324 -406.611 3.65448
93400 168.772 -406.617 3.65651
93500 169.222 -406.623 3.65496
93600 169.672 -406.609 3.65407
93700 170.123 -406.472 3.6536
93800 170.574 -406.572 3.65219
93900 171.027 -406.533 3.65189
94000 171.48 -406.483 3.65514
94100 171.933 -406.522 3.65723
94200 172.388 -406.539 3.65495
94300 172.843 -406.464 3.65402
94400 173.299 -406.57 3.65198
94500 173.756 -406.473 3.65463
94600 174.213 -406.495 3.65581
94700 174.671 -406.483 3.65419
94800 175.13 -406.039 3.65035
94900 175.59 -406.262 3.65243
95000 176.05 -406.303 3.65167
95100 176.511 -406.308 3.65525
95200 176.973 -406.387 3.6542
95300 177.435 -406.539 3.65475
95400 177.898 -406.57 3.65661
95500 178.362 -406.56 3.65727
95600 178.827 -406.624 3.65637
95700 179.292 -406.636 3.65761
95800 179.759 -406.578 3.65736
95900 180.225 -406.529 3.65923
96000 180.693 -406.637 3.65764
96100 181.161 -406.385 3.65829
96200 181.63 -406.442 3.65396
96300 182.1 -406.541 3.65522
96400 182.571 -406.48 3.65682
96500 183.042 -406.496 3.65504
96600 183.514 -406.557 3.65777
96700 183.987 -406.598 3.65771
96800 184.46 -406.466 3.65572
96900 184.934 -400.3 3.65459
97000 185.409 -405.663 3.65604
97100 185.885 -405.991 3.6579
97200 186.361 -406.149 3.65976
97300 186.838 -406.311 3.65918
97400 187.316 -406.305 3.66129
97500 187.795 -406.392 3.65961
97600 188.274 -406.31 3.65713
97700 188.754 -405.753 3.65868
97800 189.235 -406.279 3.65756
97900 189.716 -401.737 3.65788
98000 190.199 -406.432 3.66083
98100 190.682 -406.471 3.66408
98200 191.166 -406.482 3.66402
98300 191.65 -406.531 3.66174
98400 192.135 -406.478 3.65801
98500 192.621 -406.553 3.65631
98600 193.108 -406.6 3.65765
98700 193.595 -406.59 3.65351
98800 194.084 -406.563 3.65598
98900 194.573 -406.666 3.65658
99000 195.062 -406.659 3.65502
99100 195.553 -406.607 3.65648
99200 196.044 -406.554 3.65896
99300 196.536 -406.549 3.65885
99400 197.028 -406.535 3.65988
99500 197.522 -406.68 3.6588
99600 198.016 -406.646 3.657
99700 198.511 -406.657 3.657
99800 199.006 -402.997 3.6584
99900 199.503 -406.639 3.6586
100000 200 -406.691 3.65971
