100 1 2174.87 2.50216
200 1 2074.99 2.50585
300 1 2033.06 2.50825
400 1 2017.52 2.51069
500 1 2006.67 2.51439
600 1 2009.22 2.51695
700 1 1983.63 2.5179
800 1 1966.1 2.52459
900 1 1980.63 2.52705
1000 1 1951.1 2.52973
1100 1 1935.83 2.53348
1200 1 1925.09 2.53646
1300 1 1925.77 2.5384
1400 1 1916.55 2.54032
1500 1 1897.14 2.54369
1600 1 1905.5 2.54475
1700 1 1900.78 2.54545
1800 1 1890.18 2.54898
1900 1 1899.93 2.55023
2000 1 1867.37 2.55263
2100 1 1863.85 2.55654
2200 1 1848.3 2.55954
2300 1 1841.05 2.56388
2400 1 1832.14 2.56789
2500 1 1815.41 2.57063
2600 1 1813.26 2.57272
2700 1 1802.48 2.57703
2800 1 1795.46 2.57997
2900 1 1769.24 2.583
3000 1 1762.2 2.58527
3100 1 1773.52 2.58494
3200 1 1766.7 2.58598
3300 1 1755.62 2.58881
3400 1 1755.45 2.59033
3500 1.00001 1751.2 2.59094
3600 1.00001 1744 2.5924
3700 1.00001 1772.64 2.59329
3800 1.00001 1737.2 2.59468
3900 1.00001 1753.18 2.59631
4000 1.00001 1723.65 2.59904
4100 1.00001 1743.17 2.60291
4200 1.00001 1741.76 2.6061
4300 1.00001 1707.79 2.60872
4400 1.00002 1690.31 2.61115
4500 1.00002 1698.49 2.61584
4600 1.00002 1703 2.61528
4700 1.00002 1694.04 2.61824
4800 1.00003 1697.42 2.61899
4900 1.00003 1675.01 2.62585
5000 1.00003 1655.54 2.62785
5100 1.00003 1666.45 2.63174
5200 1.00004 1630.34 2.63629
5300 1.00004 1630.64 2.63932
5400 1.00005 1637.01 2.64005
5500 1.00005 1641.43 2.64076
5600 1.00005 1640.95 2.64198
5700 1.00006 1601.71 2.646
5800 1.00006 1618.92 2.64881
5900 1.00007 1617.52 2.64965
6000 1.00008 1625.04 2.65223
6100 1.00008 1594.14 2.65353
6200 1.00009 1598.31 2.6543
6300 1.0001 1602.86 2.65471
6400 1.00011 1585.12 2.65491
6500 1.00011 1568.76 2.65942
6600 1.00012 1579.43 2.66164
6700 1.00013 1580.58 2.66388
6800 1.00014 1583.2 2.66783
6900 1.00015 1550.35 2.67111
7000 1.00017 1550.1 2.67283
7100 1.00018 1537.91 2.67349
7200 1.00019 1549.3 2.67498
7300 1.00021 1532.58 2.6769
7400 1.00022 1508.59 2.67976
7500 1.00023 1523.4 2.68075
7600 1.00025 1506.65 2.68201
7700 1.00027 1514.15 2.68179
7800 1.00029 1524.68 2.68628
7900 1.0003 1502.89 2.69117
8000 1.00032 1521.9 2.69081
8100 1.00035 1504.09 2.69229
8200 1.00037 1498.87 2.69431
8300 1.00039 1516.41 2.69657
8400 1.00041 1502.07 2.69891
8500 1.00044 1487.94 2.70325
8600 1.00047 1459.68 2.70421
8700 1.00049 1459.06 2.70848
8800 1.00052 1455.18 2.71032
8900 1.00055 1454.82 2.712
9000 1.00058 1462.33 2.71268
9100 1.00062 1438.91 2.7151
9200 1.00065 1447.95 2.71851
9300 1.00069 1448.75 2.72213
9400 1.00073 1439.58 2.72264
9500 1.00077 1431.88 2.72336
9600 1.00081 1408.64 2.72796
9700 1.00085 1431.58 2.72944
9800 1.00089 1416.17 2.73063
9900 1.00094 1419.38 2.73428
10000 1.00099 1408.36 2.73602
10100 1.00104 1383.47 2.74169
10200 1.00109 1377.72 2.74587
10300 1.00115 1367.31 2.75042
10400 1.0012 1364.29 2.7536
10500 1.00126 1377.93 2.75428
10600 1.00132 1356.85 2.75753
10700 1.00139 1340.33 2.75673
10800 1.00145 1354.15 2.75711
10900 1.00152 1353.88 2.75807
11000 1.00159 1333.56 2.76055
11100 1.00167 1342.49 2.76291
11200 1.00174 1344.59 2.76395
11300 1.00182 1343.71 2.76473
11400 1.00191 1343.7 2.76514
11500 1.00199 1322.47 2.76907
11600 1.00208 1333.78 2.7724
11700 1.00217 1325.08 2.77314
11800 1.00226 1313.96 2.77891
11900 1.00236 1323.79 2.78182
12000 1.00246 1304.93 2.78459
12100 1.00257 1322.16 2.78462
12200 1.00268 1283.92 2.78903
12300 1.00279 1296.21 2.78995
12400 1.0029 1274.96 2.79139
12500 1.00302 1286.72 2.79121
12600 1.00314 1285.88 2.79499
12700 1.00327 1280.87 2.7962
12800 1.0034 1279.1 2.79627
12900 1.00354 1274.6 2.79939
13000 1.00368 1269.16 2.80224
13100 1.00382 1265.7 2.80564
13200 1.00397 1274.89 2.80774
13300 1.00412 1262.82 2.80809
13400 1.00428 1253.84 2.811
13500 1.00444 1247.83 2.81018
13600 1.00461 1252.42 2.80816
13700 1.00478 1270.5 2.81037
13800 1.00495 1258.3 2.81174
13900 1.00514 1252.02 2.81435
14000 1.00532 1227.08 2.81734
14100 1.00552 1228.94 2.8193
14200 1.00572 1222.64 2.82221
14300 1.00592 1241.73 2.82535
14400 1.00613 1211.42 2.82948
14500 1.00635 1203.18 2.8327
14600 1.00657 1198.47 2.83645
14700 1.0068 1181.13 2.84002
14800 1.00703 1178.64 2.8407
14900 1.00727 1189.55 2.84245
15000 1.00752 1187.71 2.84516
15100 1.00777 1170.89 2.84756
15200 1.00803 1157.16 2.8516
15300 1.0083 1150.93 2.85502
15400 1.00858 1133.95 2.85829
15500 1.00886 1142.21 2.86105
15600 1.00915 1150.8 2.86301
15700 1.00944 1134.44 2.86842
15800 1.00975 1143.57 2.87127
15900 1.01006 1154.69 2.87107
16000 1.01038 1142.49 2.87095
16100 1.01071 1132.61 2.87335
16200 1.01105 1123.89 2.8764
16300 1.01139 1120.73 2.87895
16400 1.01175 1118.25 2.88115
16500 1.01211 1111.67 2.8837
16600 1.01248 1096.18 2.88631
16700 1.01286 1098.74 2.89102
16800 1.01325 1087.31 2.89605
16900 1.01365 1092.51 2.89776
17000 1.01406 1071.09 2.89893
17100 1.01447 1051.07 2.89928
17200 1.0149 1065.83 2.90148
17300 1.01534 1077.34 2.90376
17400 1.01579 1076.01 2.9063
17500 1.01625 1063.73 2.90537
17600 1.01672 1069.19 2.90985
17700 1.0172 1040 2.91211
17800 1.01769 1055.23 2.91285
17900 1.01819 1066.38 2.91594
18000 1.01871 1050.7 2.91628
18100 1.01923 1038.84 2.91733
18200 1.01977 1039.7 2.92233
18300 1.02032 1025.01 2.92376
18400 1.02088 1027.61 2.92531
18500 1.02145 1041.39 2.92569
18600 1.02204 1019.53 2.92696
18700 1.02264 1023.94 2.92712
18800 1.02325 1024.52 2.92694
18900 1.02388 1029.4 2.92901
19000 1.02451 1037.75 2.93113
19100 1.02517 1016.79 2.93334
19200 1.02583 1029.99 2.93841
19300 1.02651 1017.29 2.9387
19400 1.0272 1020.72 2.93858
19500 1.02791 1022.91 2.93987
19600 1.02864 1000.59 2.94184
19700 1.02937 985.301 2.9434
19800 1.03013 976.557 2.9455
19900 1.0309 990.646 2.94936
20000 1.03168 992.748 2.95204
20100 1.03248 975.477 2.95403
20200 1.0333 987.956 2.95663
20300 1.03413 974.173 2.96042
20400 1.03498 951.664 2.96387
20500 1.03584 969.077 2.96494
20600 1.03673 973.486 2.96673
20700 1.03763 976.859 2.96766
20800 1.03854 951.274 2.96866
20900 1.03948 956.903 2.97185
21000 1.04043 952.35 2.97289
21100 1.0414 937.036 2.97394
21200 1.04239 962.815 2.97485
21300 1.0434 930.219 2.97588
21400 1.04443 936.591 2.98221
21500 1.04548 921.959 2.98561
21600 1.04655 923.197 2.98629
21700 1.04764 932.716 2.98798
21800 1.04874 916.17 2.99123
21900 1.04987 912.03 2.99254
22000 1.05102 929.271 2.99448
22100 1.05219 913.142 2.99325
22200 1.05338 924.779 2.99561
22300 1.0546 905.22 2.9959
22400 1.05583 915.052 2.9978
22500 1.05709 894.585 2.99824
22600 1.05837 905.45 3.00157
22700 1.05967 899.084 3.00181
22800 1.061 912.278 3.00202
22900 1.06235 895.845 3.00511
23000 1.06372 894.132 3.00657
23100 1.06512 888.698 3.00962
23200 1.06654 883.655 3.01132
23300 1.06799 864.244 3.01456
23400 1.06946 852.019 3.01583
23500 1.07095 875.427 3.01384
23600 1.07248 867.373 3.01744
23700 1.07402 872.455 3.02195
23800 1.0756 858.969 3.02334
23900 1.0772 875.697 3.02462
24000 1.07883 880.581 3.02564
24100 1.08049 861.534 3.02555
24200 1.08217 854.573 3.02709
24300 1.08388 880.346 3.02944
24400 1.08562 864.395 3.0306
24500 1.08739 863.537 3.03268
24600 1.08919 849.627 3.03584
24700 1.09102 834.722 3.03868
24800 1.09287 826.841 3.04457
24900 1.09476 829.326 3.05011
25000 1.09668 833.606 3.05085
25100 1.09863 828.811 3.05146
25200 1.10061 810.965 3.05126
25300 1.10262 818.721 3.05246
25400 1.10467 845.111 3.05359
25500 1.10674 832.153 3.05428
25600 1.10885 811.243 3.05624
25700 1.11099 817.296 3.05918
25800 1.11317 819.67 3.06071
25900 1.11538 802.852 3.06295
26000 1.11763 812.658 3.06514
26100 1.11991 771.233 3.06476
26200 1.12222 763.6 3.0673
26300 1.12457 794.156 3.06926
26400 1.12696 774.095 3.07425
26500 1.12938 782.729 3.07429
26600 1.13184 800.71 3.07696
26700 1.13434 775.176 3.07554
26800 1.13687 806.827 3.07724
26900 1.13944 788.166 3.07971
27000 1.14205 767.467 3.08214
27100 1.1447 790.369 3.08392
27200 1.14739 761.565 3.08887
27300 1.15012 770.255 3.09115
27400 1.15289 765.485 3.09457
27500 1.1557 758.703 3.09599
27600 1.15856 758.887 3.09981
27700 1.16145 741.928 3.10029
27800 1.16438 777.009 3.10175
27900 1.16736 736.64 3.10265
28000 1.17038 737.381 3.10754
28100 1.17345 738.767 3.10885
28200 1.17656 727.997 3.11226
28300 1.17971 732.95 3.11297
28400 1.18291 730.935 3.11557
28500 1.18615 723.744 3.11517
28600 1.18944 732.098 3.11646
28700 1.19277 719.418 3.11766
28800 1.19615 748.786 3.1165
28900 1.19958 687.561 3.12016
29000 1.20306 739.644 3.12167
29100 1.20659 721.494 3.12575
29200 1.21016 701.861 3.12938
29300 1.21378 704.914 3.13441
29400 1.21746 703.782 3.13659
29500 1.22118 688.096 3.13631
29600 1.22495 705.189 3.13913
29700 1.22878 687.365 3.14139
29800 1.23266 708.909 3.14223
29900 1.23659 675.786 3.14252
30000 1.24057 695.49 3.14447
30100 1.24461 646.504 3.14739
30200 1.2487 676.883 3.15047
30300 1.25284 684.564 3.15548
30400 1.25704 687.047 3.15734
30500 1.2613 626.597 3.16271
30600 1.26561 624.279 3.16278
30700 1.26998 663.767 3.16609
30800 1.2744 651.46 3.16995
30900 1.27889 657.27 3.17258
31000 1.28343 647.425 3.17555
31100 1.28803 646.884 3.1781
31200 1.29269 630.722 3.17834
31300 1.29741 622.126 3.18068
31400 1.30219 637.54 3.18271
31500 1.30704 627.353 3.18475
31600 1.31194 609.477 3.18741
31700 1.31691 624.145 3.19151
31800 1.32194 624.215 3.19646
31900 1.32703 609.617 3.20055
32000 1.33219 600.095 3.19983
32100 1.33741 593.222 3.20193
32200 1.3427 583.003 3.2042
32300 1.34805 619.306 3.20586
32400 1.35348 587.348 3.20862
32500 1.35896 570.959 3.20884
32600 1.36452 547.857 3.21337
32700 1.37015 593.787 3.21765
32800 1.37584 581.836 3.22006
32900 1.38161 567.783 3.22141
33000 1.38744 549.222 3.2219
33100 1.39335 524.757 3.22276
33200 1.39932 560.119 3.22546
33300 1.40537 557.534 3.22866
33400 1.4115 514.55 3.23064
33500 1.41769 469.003 3.23374
33600 1.42397 339.407 3.23451
33700 1.43031 459.536 3.23744
33800 1.43674 487.523 3.23839
33900 1.44323 471.211 3.24118
34000 1.44981 446.653 3.24078
34100 1.45646 472.834 3.24532
34200 1.4632 468.355 3.25072
34300 1.47001 504.975 3.25183
34400 1.4769 515.189 3.25245
34500 1.48387 537.903 3.25613
34600 1.49093 494.59 3.25889
34700 1.49806 410.009 3.2623
34800 1.50528 445.776 3.26318
34900 1.51258 410.438 3.26608
35000 1.51997 327.538 3.26671
35100 1.52744 302.965 3.27079
35200 1.53499 238.842 3.27362
35300 1.54264 164.402 3.27395
35400 1.55037 224.918 3.2764
35500 1.55818 51.7364 3.27509
35600 1.56609 67.6357 3.27646
35700 1.57409 132.562 3.27774
35800 1.58217 231.256 3.27936
35900 1.59035 73.0492 3.28331
36000 1.59862 158.308 3.28447
36100 1.60698 237.72 3.28683
36200 1.61543 425.264 3.28581
36300 1.62398 281.461 3.28883
36400 1.63262 123.637 3.29105
36500 1.64136 226.446 3.29532
36600 1.65019 332.007 3.299
36700 1.65912 320.371 3.30204
36800 1.66815 274.757 3.30299
36900 1.67728 254.006 3.30776
37000 1.68651 143.036 3.31099
37100 1.69583 108.459 3.31153
37200 1.70526 -12.4422 3.31632
37300 1.71479 -61.9674 3.31803
37400 1.72442 -177.664 3.31969
37500 1.73416 -246.57 3.32464
37600 1.744 -230.082 3.32459
37700 1.75395 -277.138 3.32619
37800 1.764 -253.963 3.32694
37900 1.77416 -263.668 3.331
38000 1.78443 -352.016 3.33226
38100 1.7948 -300.497 3.33167
38200 1.80529 -292.857 3.33197
38300 1.81589 -307.323 3.33107
38400 1.82659 -309.279 3.33087
38500 1.83741 -284.167 3.33036
38600 1.84834 -312.688 3.3306
38700 1.85939 -306.714 3.33317
38800 1.87055 -327.453 3.33766
38900 1.88183 -318.986 3.33573
39000 1.89322 -314.404 3.33653
39100 1.90473 -310.954 3.33623
39200 1.91636 -321.42 3.33814
39300 1.92811 -316.522 3.33792
39400 1.93998 -321.14 3.33902
39500 1.95196 -312.407 3.34239
39600 1.96408 -332.796 3.34215
39700 1.97631 -313.397 3.34202
39800 1.98867 -320.509 3.34549
39900 2.00115 -324.168 3.34424
40000 2.01376 -327.214 3.34697
40100 2.0265 -332.22 3.34847
40200 2.03936 -335.231 3.34962
40300 2.05235 -323.099 3.35077
40400 2.06547 -315.528 3.35555
40500 2.07872 -324.108 3.35629
40600 2.09211 -311.726 3.35822
40700 2.10562 -321.975 3.35637
40800 2.11927 -322.375 3.35602
40900 2.13306 -325.673 3.35887
41000 2.14698 -326.198 3.36018
41100 2.16103 -310.057 3.36346
41200 2.17523 -324.512 3.36415
41300 2.18956 -316.014 3.37003
41400 2.20403 -334.45 3.3721
41500 2.21864 -338.104 3.36892
41600 2.23339 -340.944 3.3673
41700 2.24829 -357.454 3.3686
41800 2.26333 -364.253 3.36828
41900 2.27851 -360.146 3.36978
42000 2.29384 -361.302 3.37243
42100 2.30932 -366.751 3.36945
42200 2.32494 -361.642 3.37152
42300 2.34072 -363.363 3.37157
42400 2.35664 -368.231 3.37309
42500 2.37271 -349.485 3.37457
42600 2.38894 -351.817 3.37486
42700 2.40532 -367.032 3.3741
42800 2.42185 -365.132 3.37893
42900 2.43854 -366.738 3.38236
43000 2.45538 -339.855 3.38484
43100 2.47239 -359.352 3.38543
43200 2.48955 -367.917 3.38603
43300 2.50687 -370.995 3.38828
43400 2.52435 -369.035 3.3884
43500 2.54199 -367.924 3.38892
43600 2.5598 -371.386 3.39118
43700 2.57777 -369.33 3.39141
43800 2.5959 -358.142 3.39145
43900 2.6142 -368.909 3.39241
44000 2.63267 -371.465 3.39623
44100 2.65131 -370.67 3.39547
44200 2.67012 -365.148 3.39716
44300 2.68909 -365.902 3.39512
44400 2.70824 -366.364 3.39815
44500 2.72757 -351.022 3.39803
44600 2.74707 -369.013 3.39982
44700 2.76674 -355.717 3.40335
44800 2.78659 -370.592 3.40396
44900 2.80662 -373.766 3.40351
45000 2.82683 -371.963 3.40669
45100 2.84722 -369.076 3.40861
45200 2.86779 -376.061 3.41233
45300 2.88854 -375.259 3.41442
45400 2.90948 -375.73 3.41906
45500 2.9306 -374.209 3.42178
45600 2.95191 -378.209 3.42143
45700 2.9734 -373.674 3.42204
45800 2.99509 -377.645 3.42233
45900 3.01697 -372.721 3.42119
46000 3.03903 -362.182 3.42149
46100 3.06129 -372.101 3.42194
46200 3.08375 -366.741 3.42139
46300 3.1064 -371.022 3.42094
46400 3.12924 -357.677 3.42171
46500 3.15229 -372.721 3.4244
46600 3.17553 -372.941 3.42744
46700 3.19897 -375.31 3.4262
46800 3.22262 -372.827 3.42503
46900 3.24646 -375.498 3.42697
47000 3.27052 -370.62 3.42821
47100 3.29477 -377.406 3.42728
47200 3.31924 -377.043 3.4262
47300 3.34391 -374.586 3.42605
47400 3.36879 -378.808 3.42187
47500 3.39388 -378.354 3.42287
47600 3.41919 -376.427 3.42288
47700 3.44471 -367.132 3.42498
47800 3.47044 -373.079 3.42538
47900 3.49639 -375.782 3.42405
48000 3.52256 -376.218 3.42432
48100 3.54895 -378.215 3.42868
48200 3.57555 -381.114 3.43071
48300 3.60238 -375.104 3.42952
48400 3.62943 -384.646 3.43021
48500 3.65671 -377.738 3.42981
48600 3.68421 -379.01 3.4341
48700 3.71194 -376.073 3.43319
48800 3.7399 -373.149 3.43412
48900 3.76809 -378.235 3.43579
49000 3.7965 -378.395 3.43488
49100 3.82516 -379.418 3.43333
49200 3.85404 -379.785 3.431
49300 3.88317 -379.706 3.43165
49400 3.91253 -377.957 3.43254
49500 3.94213 -377.761 3.43402
49600 3.97196 -386.382 3.43654
49700 4.00204 -377.799 3.43959
49800 4.03237 -382.668 3.441
49900 4.06294 -385.841 3.43848
50000 4.09375 -378.04 3.44057
50100 4.12481 -380.159 3.43883
50200 4.15612 -381.721 3.43994
50300 4.18768 -383.308 3.44308
50400 4.2195 -380.61 3.44382
50500 4.25156 -385.903 3.44057
50600 4.28388 -385.444 3.44302
50700 4.31646 -388.359 3.44482
50800 4.3493 -385.693 3.44788
50900 4.38239 -385.129 3.4489
51000 4.41575 -371.922 3.45239
51100 4.44937 -387.699 3.45204
51200 4.48325 -387.789 3.45167
51300 4.5174 -385.01 3.45343
51400 4.55182 -384.759 3.45971
51500 4.5865 -386.184 3.46148
51600 4.62146 -383.657 3.46253
51700 4.65669 -385.758 3.46568
51800 4.69219 -386.487 3.46521
51900 4.72797 -386.598 3.46444
52000 4.76402 -386.816 3.46596
52100 4.80035 -387.978 3.46732
52200 4.83696 -388.362 3.46454
52300 4.87386 -386.563 3.46294
52400 4.91103 -388.259 3.46387
52500 4.9485 -386.691 3.46352
52600 4.98624 -387.672 3.46296
52700 5.02428 -388.417 3.4664
52800 5.06261 -391.532 3.46492
52900 5.10122 -389.984 3.46699
53000 5.14014 -385.815 3.46963
53100 5.17934 -387.862 3.47057
53200 5.21884 -388.771 3.47019
53300 5.25864 -389.246 3.47301
53400 5.29874 -388.76 3.47133
53500 5.33914 -388.928 3.47086
53600 5.37985 -365.154 3.47169
53700 5.42086 -389.212 3.47034
53800 5.46217 -389.148 3.46897
53900 5.5038 -387.103 3.46928
54000 5.54573 -390.275 3.4708
54100 5.58798 -390.186 3.46901
54200 5.63054 -388.029 3.47042
54300 5.67341 -388.38 3.46898
54400 5.71661 -388.73 3.47207
54500 5.76012 -390.355 3.47247
54600 5.80395 -389.422 3.47337
54700 5.8481 -367.078 3.47587
54800 5.89258 -391.194 3.47592
54900 5.93738 -390.547 3.47876
55000 5.98252 -391.459 3.48126
55100 6.02798 -390.714 3.47961
55200 6.07377 -389.566 3.47922
55300 6.11989 -390.326 3.48432
55400 6.16635 -392.741 3.48472
55500 6.21315 -390.41 3.48745
55600 6.26028 -389.563 3.48418
55700 6.30776 -392.374 3.48539
55800 6.35558 -390.492 3.48465
55900 6.40374 -391.62 3.48537
56000 6.45224 -390.709 3.48448
56100 6.5011 -376.056 3.48203
56200 6.5503 -392.024 3.4828
56300 6.59986 -390.382 3.48377
56400 6.64977 -389.512 3.48065
56500 6.70003 -387.679 3.4839
56600 6.75066 -391.617 3.4835
56700 6.80164 -391.094 3.48256
56800 6.85298 -391.136 3.47985
56900 6.90468 -392.604 3.47865
57000 6.95675 -393.549 3.47934
57100 7.00919 -388.187 3.48237
57200 7.06199 -390.43 3.48251
57300 7.11517 -378.429 3.47995
57400 7.16871 -376.33 3.48378
57500 7.22264 -379.674 3.48416
57600 7.27693 -390.615 3.48558
57700 7.33161 -390.569 3.48481
57800 7.38667 -390.375 3.48581
57900 7.44211 -392.687 3.48523
58000 7.49793 -393.903 3.48356
58100 7.55414 -393.864 3.4847
58200 7.61074 -393.726 3.48892
58300 7.66773 -394.816 3.49099
58400 7.72511 -392.113 3.49321
58500 7.78289 -392.342 3.49214
58600 7.84106 -393.837 3.49762
58700 7.89963 -393.575 3.49835
58800 7.9586 -393.2 3.50166
58900 8.01797 -394.603 3.50836
59000 8.07775 -394.186 3.509
59100 8.13794 -393.207 3.50962
59200 8.19853 -390.664 3.50825
59300 8.25953 -391.395 3.50909
59400 8.32095 -394.663 3.50957
59500 8.38278 -395.315 3.51186
59600 8.44503 -395.864 3.51504
59700 8.5077 -395.657 3.5152
59800 8.57079 -395.395 3.5162
59900 8.6343 -392.998 3.51693
60000 8.69824 -395.868 3.5176
60100 8.76261 -394.981 3.51747
60200 8.8274 -395.751 3.51587
60300 8.89263 -395.09 3.51433
60400 8.95829 -394.784 3.51644
60500 9.02439 -396.961 3.51814
60600 9.09093 -394.821 3.5184
60700 9.15791 -394.299 3.51949
60800 9.22533 -396.172 3.51586
60900 9.29319 -397.923 3.51553
61000 9.3615 -395.87 3.51924
61100 9.43027 -395.931 3.52251
61200 9.49948 -396.238 3.52701
61300 9.56915 -395.683 3.52838
61400 9.63927 -397.004 3.5243
61500 9.70985 -396.355 3.52693
61600 9.78089 -397.073 3.53077
61700 9.8524 -398.22 3.5303
61800 9.92437 -397.058 3.53294
61900 9.99681 -395.957 3.53428
62000 10.0697 -398.025 3.53492
62100 10.1431 -397.708 3.53512
62200 10.2169 -394.746 3.53532
62300 10.2913 -394.849 3.53769
62400 10.3661 -396.181 3.54252
62500 10.4414 -396.096 3.54315
62600 10.5171 -395.863 3.5424
62700 10.5934 -394.123 3.54406
62800 10.6702 -395.316 3.54856
62900 10.7474 -394.646 3.54978
63000 10.8251 -395.311 3.54892
63100 10.9033 -395.532 3.54755
63200 10.9821 -395.311 3.55127
63300 11.0613 -396.162 3.55035
63400 11.141 -396.06 3.5537
63500 11.2212 -396.285 3.55138
63600 11.302 -397.243 3.55197
63700 11.3832 -397.101 3.55342
63800 11.465 -397.574 3.555
63900 11.5473 -396.833 3.55657
64000 11.63 -396.705 3.55752
64100 11.7134 -397.034 3.55998
64200 11.7972 -396.665 3.55501
64300 11.8815 -397.241 3.55666
64400 11.9664 -396.313 3.55577
64500 12.0518 -397.75 3.55809
64600 12.1378 -396.562 3.56018
64700 12.2242 -397.386 3.56391
64800 12.3112 -396.216 3.56571
64900 12.3988 -397.93 3.5666
65000 12.4869 -398.293 3.56815
65100 12.5755 -396.712 3.56911
65200 12.6647 -396.808 3.57297
65300 12.7544 -396.969 3.57364
65400 12.8447 -398.035 3.57504
65500 12.9355 -396.631 3.57654
65600 13.0269 -397.156 3.57561
65700 13.1189 -397.093 3.57293
65800 13.2114 -397.93 3.5751
65900 13.3045 -396.383 3.57509
66000 13.3981 -396.562 3.57768
66100 13.4923 -398.613 3.57951
66200 13.5871 -397.642 3.58164
66300 13.6824 -397.406 3.58094
66400 13.7784 -397.436 3.58002
66500 13.8749 -396.596 3.57808
66600 13.972 -396.618 3.58053
66700 14.0697 -398.4 3.58057
66800 14.1679 -399.157 3.57989
66900 14.2668 -398.013 3.58283
67000 14.3662 -398.962 3.58234
67100 14.4663 -397.896 3.58141
67200 14.5669 -397.907 3.58262
67300 14.6682 -397.498 3.58697
67400 14.77 -397.593 3.59009
67500 14.8725 -396.946 3.5886
67600 14.9755 -398.87 3.58718
67700 15.0792 -397.016 3.58743
67800 15.1835 -398.293 3.59125
67900 15.2884 -398.623 3.59312
68000 15.3939 -398.771 3.59398
68100 15.5001 -397.79 3.59663
68200 15.6069 -397.7 3.5933
68300 15.7143 -397.657 3.59603
68400 15.8223 -398.703 3.59872
68500 15.931 -398.944 3.59897
68600 16.0403 -397.698 3.59982
68700 16.1502 -398.109 3.59859
68800 16.2608 -397.833 3.59845
68900 16.372 -398.671 3.59742
69000 16.4839 -398.791 3.59805
69100 16.5964 -398.692 3.59907
69200 16.7096 -398.119 3.59731
69300 16.8235 -398.36 3.59673
69400 16.938 -398.535 3.59669
69500 17.0531 -398.981 3.59803
69600 17.1689 -397.823 3.59648
69700 17.2854 -399.718 3.59529
69800 17.4026 -399.235 3.59525
69900 17.5204 -398.617 3.59769
70000 17.6389 -398.357 3.59825
70100 17.7581 -399.088 3.59936
70200 17.878 -398.828 3.60062
70300 17.9985 -398.373 3.59912
70400 18.1198 -399.129 3.60153
70500 18.2417 -398.502 3.60253
70600 18.3644 -399.216 3.60189
70700 18.4877 -399.216 3.6021
70800 18.6117 -398.783 3.60423
70900 18.7364 -399.728 3.60455
71000 18.8619 -399.049 3.6015
71100 18.988 -399.521 3.60465
71200 19.1149 -399.029 3.60197
71300 19.2424 -399.446 3.60355
71400 19.3707 -399.383 3.60544
71500 19.4997 -399.002 3.60802
71600 19.6295 -399.21 3.60687
71700 19.7599 -399.549 3.60872
71800 19.8911 -398.612 3.60912
71900 20.023 -399.217 3.61028
72000 20.1557 -398.823 3.61214
72100 20.2891 -399.067 3.6113
72200 20.4232 -399.537 3.6095
72300 20.5581 -398.9 3.61057
72400 20.6937 -398.345 3.616
72500 20.8301 -398.444 3.61608
72600 20.9673 -398.856 3.61535
72700 21.1051 -399.357 3.61442
72800 21.2438 -399.628 3.61545
72900 21.3832 -399.539 3.61692
73000 21.5234 -399.869 3.619
73100 21.6644 -399.683 3.62012
73200 21.8061 -399.918 3.61822
73300 21.9486 -399.218 3.61979
73400 22.0919 -398.952 3.6192
73500 22.236 -399.626 3.62083
73600 22.3808 -399.164 3.62046
73700 22.5265 -399.38 3.62253
73800 22.6729 -399.602 3.62403
73900 22.8201 -399.561 3.62162
74000 22.9682 -399.23 3.62133
74100 23.117 -399.663 3.62333
74200 23.2666 -400.096 3.62611
74300 23.4171 -400.192 3.62665
74400 23.5684 -399.653 3.62715
74500 23.7204 -400.022 3.62425
74600 23.8733 -399.053 3.62643
74700 24.027 -399.944 3.62778
74800 24.1816 -398.961 3.62578
74900 24.337 -400.142 3.62298
75000 24.4932 -399.746 3.62389
75100 24.6502 -399.732 3.62276
75200 24.8081 -397.333 3.62209
75300 24.9668 -399.351 3.61932
75400 25.1264 -399.675 3.62165
75500 25.2868 -399.85 3.62013
75600 25.448 -399.36 3.61961
75700 25.6102 -399.89 3.6192
75800 25.7731 -399.782 3.61897
75900 25.937 -398.94 3.61606
76000 26.1017 -399.717 3.62093
76100 26.2673 -399.795 3.62106
76200 26.4337 -400.412 3.61775
76300 26.6011 -396.603 3.62282
76400 26.7693 -396.885 3.62193
76500 26.9384 -397.151 3.62407
76600 27.1083 -396.951 3.62471
76700 27.2792 -398.028 3.62214
76800 27.451 -397.531 3.62168
76900 27.6236 -397.677 3.62486
77000 27.7972 -397.784 3.62987
77100 27.9716 -397.653 3.62803
77200 28.147 -397.729 3.62984
77300 28.3233 -397.442 3.63346
77400 28.5005 -397.571 3.63363
77500 28.6786 -398.322 3.63696
77600 28.8576 -397.47 3.63576
77700 29.0376 -397.232 3.63793
77800 29.2185 -397.539 3.63869
77900 29.4003 -397.354 3.63693
78000 29.583 -397.719 3.63574
78100 29.7667 -397.233 3.63523
78200 29.9514 -397.178 3.63415
78300 30.1369 -397.569 3.63318
78400 30.3235 -397.46 3.63601
78500 30.511 -397.695 3.63594
78600 30.6994 -398.175 3.63604
78700 30.8888 -397.384 3.63793
78800 31.0792 -397.67 3.6381
78900 31.2705 -397.79 3.63655
79000 31.4629 -397.915 3.63595
79100 31.6561 -398.005 3.63596
79200 31.8504 -397.578 3.63582
79300 32.0457 -397.311 3.63764
79400 32.2419 -397.365 3.64181
79500 32.4392 -397.208 3.64378
79600 32.6374 -397.881 3.6435
79700 32.8366 -397.947 3.64131
79800 33.0368 -397.224 3.64864
79900 33.2381 -397.532 3.64431
80000 33.4403 -397.932 3.64448
80100 33.6436 -397.753 3.64669
80200 33.8479 -397.486 3.64588
80300 34.0532 -397.874 3.64603
80400 34.2595 -397.892 3.64856
80500 34.4668 -397.751 3.64504
80600 34.6752 -396.966 3.6427
80700 34.8846 -397.472 3.64697
80800 35.0951 -398.11 3.64803
80900 35.3066 -397.813 3.65037
81000 35.5192 -397.637 3.65031
81100 35.7328 -397.35 3.65036
81200 35.9474 -398.141 3.65003
81300 36.1632 -397.943 3.64678
81400 36.38 -397.895 3.64563
81500 36.5978 -397.619 3.64278
81600 36.8167 -397.488 3.63904
81700 37.0367 -397.919 3.64168
81800 37.2578 -398.21 3.64284
81900 37.48 -397.856 3.64373
82000 37.7032 -398.003 3.64412
82100 37.9276 -397.861 3.64459
82200 38.153 -398.01 3.64136
82300 38.3796 -398.137 3.63858
82400 38.6072 -397.864 3.63834
82500 38.836 -398.004 3.63722
82600 39.0658 -398.129 3.63661
82700 39.2968 -397.644 3.63666
82800 39.5289 -397.741 3.63661
82900 39.7621 -398.259 3.63637
83000 39.9965 -398 3.63917
83100 40.232 -397.435 3.64406
83200 40.4686 -397.945 3.64567
83300 40.7064 -398.111 3.6476
83400 40.9453 -398.363 3.64895
83500 41.1853 -398.106 3.65183
83600 41.4265 -398.007 3.64982
83700 41.6689 -398.063 3.65176
83800 41.9124 -397.774 3.65219
83900 42.1571 -398.256 3.65111
84000 42.403 -398.135 3.65072
84100 42.65 -397.972 3.65089
84200 42.8982 -397.732 3.65431
84300 43.1476 -397.896 3.65633
84400 43.3982 -398.256 3.65875
84500 43.65 -398.004 3.66012
84600 43.9029 -398.317 3.65959
84700 44.1571 -397.824 3.65834
84800 44.4125 -398.265 3.65947
84900 44.669 -397.965 3.65847
85000 44.9268 -398.038 3.65789
85100 45.1858 -398.23 3.66203
85200 45.446 -397.751 3.66314
85300 45.7075 -397.999 3.66523
85400 45.9702 -398.204 3.66854
85500 46.2341 -398.354 3.66822
85600 46.4992 -397.941 3.66731
85700 46.7656 -398.231 3.66679
85800 47.0332 -398.086 3.66467
85900 47.3021 -397.685 3.66444
86000 47.5723 -398.381 3.66528
86100 47.8437 -398.036 3.66153
86200 48.1163 -397.878 3.66167
86300 48.3903 -398.18 3.65958
86400 48.6655 -398.14 3.66388
86500 48.942 -398.247 3.66423
86600 49.2197 -398.175 3.66405
86700 49.4988 -398.538 3.66269
86800 49.7791 -398.111 3.66435
86900 50.0607 -398.659 3.66482
87000 50.3437 -398.389 3.66455
87100 50.6279 -398.214 3.66355
87200 50.9135 -398.275 3.66204
87300 51.2003 -398.133 3.66179
87400 51.4885 -397.964 3.65991
87500 51.778 -397.642 3.66106
87600 52.0688 -398.137 3.65813
87700 52.361 -398.518 3.65725
87800 52.6545 -398.296 3.65226
87900 52.9493 -398.527 3.65289
88000 53.2455 -398.511 3.65414
88100 53.543 -398.543 3.65393
88200 53.8419 -398.478 3.65218
88300 54.1421 -398.651 3.65071
88400 54.4437 -398.667 3.65442
88500 54.7467 -398.91 3.65363
88600 55.051 -398.664 3.65502
88700 55.3567 -398.514 3.65341
88800 55.6638 -398.682 3.65151
88900 55.9723 -398.288 3.65288
89000 56.2822 -398.51 3.65369
89100 56.5935 -398.397 3.65359
89200 56.9061 -398.198 3.65663
89300 57.2202 -398.071 3.65744
89400 57.5357 -398.664 3.65844
89500 57.8526 -398.505 3.65935
89600 58.1709 -398.788 3.65969
89700 58.4907 -398.758 3.66083
89800 58.8119 -398.91 3.66295
89900 59.1345 -398.656 3.66614
90000 59.4585 -398.585 3.66437
90100 59.784 -398.476 3.66193
90200 60.1109 -398.572 3.66228
90300 60.4393 -398.702 3.663
90400 60.7692 -398.036 3.66398
90500 61.1005 -398.714 3.66668
90600 61.4333 -398.684 3.66963
90700 61.7675 -398.725 3.66872
90800 62.1033 -398.641 3.67128
90900 62.4405 -398.685 3.67135
91000 62.7792 -398.703 3.67211
91100 63.1194 -398.851 3.67229
91200 63.4611 -398.563 3.67412
91300 63.8043 -398.457 3.67405
91400 64.149 -398.643 3.67172
91500 64.4952 -398.409 3.66936
91600 64.8429 -398.41 3.67205
91700 65.1921 -398.528 3.67498
91800 65.5429 -398.747 3.67517
91900 65.8952 -398.616 3.67986
92000 66.2491 -398.526 3.68203
92100 66.6045 -398.396 3.67798
92200 66.9614 -398.646 3.6796
92300 67.3199 -398.326 3.67766
92400 67.6799 -398.373 3.68084
92500 68.0415 -398.446 3.68143
92600 68.4047 -398.691 3.68299
92700 68.7694 -398.749 3.68461
92800 69.1358 -398.704 3.68869
92900 69.5037 -398.533 3.68846
93000 69.8731 -398.535 3.68598
93100 70.2442 -398.472 3.68777
93200 70.6169 -397.97 3.68857
93300 70.9912 -398.961 3.68666
93400 71.3671 -399.445 3.68492
93500 71.7446 -399.749 3.68366
93600 72.1237 -400.197 3.68046
93700 72.5045 -400.259 3.68062
93800 72.8868 -400.192 3.67816
93900 73.2708 -400.169 3.67756
94000 73.6565 -400.276 3.67937
94100 74.0438 -400.323 3.67773
94200 74.4327 -400.44 3.67709
94300 74.8233 -399.962 3.67793
94400 75.2156 -400.087 3.67791
94500 75.6095 -400.341 3.67768
94600 76.0051 -400.458 3.67637
94700 76.4024 -400.263 3.67507
94800 76.8013 -400.459 3.67254
94900 77.202 -400.36 3.67078
95000 77.6043 -400.408 3.67081
95100 78.0083 -400.535 3.67007
95200 78.4141 -400.485 3.66882
95300 78.8215 -400.462 3.66892
95400 79.2307 -400.276 3.67006
95500 79.6415 -398.747 3.67294
95600 80.0541 -400.523 3.67132
95700 80.4685 -400.59 3.67256
95800 80.8845 -400.422 3.66793
95900 81.3023 -400.434 3.67204
96000 81.7219 -400.44 3.67029
96100 82.1432 -400.351 3.67072
96200 82.5663 -400.492 3.66975
96300 82.9911 -400.49 3.66708
96400 83.4177 -400.32 3.66846
96500 83.846 -400.55 3.66422
96600 84.2762 -400.418 3.66656
96700 84.7081 -400.333 3.66401
96800 85.1418 -400.358 3.66164
96900 85.5774 -400.624 3.65887
97000 86.0147 -400.407 3.66194
97100 86.4538 -400.471 3.66216
97200 86.8947 -397.6 3.66042
97300 87.3375 -397.964 3.66105
97400 87.7821 -399.001 3.66438
97500 88.2285 -399.253 3.66822
97600 88.6767 -399.232 3.6663
97700 89.1268 -399.171 3.6655
97800 89.5787 -399.377 3.66797
97900 90.0325 -399.313 3.67123
98000 90.4882 -399.37 3.6686
98100 90.9457 -399.552 3.66687
98200 91.405 -399.203 3.6672
98300 91.8663 -399.412 3.66985
98400 92.3294 -399.44 3.67261
98500 92.7944 -399.317 3.67622
98600 93.2613 -399.4 3.67754
98700 93.7301 -399.641 3.67774
98800 94.2009 -399.542 3.67451
98900 94.6735 -399.496 3.67385
99000 95.148 -399.558 3.67393
99100 95.6245 -399.509 3.6716
99200 96.1029 -399.595 3.67258
99300 96.5832 -399.595 3.67203
99400 97.0654 -399.468 3.67205
99500 97.5496 -399.6 3.67397
99600 98.0358 -399.774 3.67628
99700 98.5239 -399.586 3.67966
99800 99.014 -396.956 3.6796
99900 99.506 -398.903 3.67553
100000 100 -399.259 3.67497
