100 25.0063 2041.99 2.50703
200 25.0155 1998.44 2.51263
300 25.0263 1968.64 2.51801
400 25.0382 1934.51 2.52439
500 25.051 1908.46 2.53005
600 25.0646 1878.33 2.53727
700 25.079 1854.79 2.5441
800 25.094 1860.49 2.55017
900 25.1095 1840.15 2.55564
1000 25.1256 1811.34 2.56405
1100 25.1422 1780.01 2.57115
1200 25.1592 1766.74 2.57717
1300 25.1766 1748.41 2.58323
1400 25.1945 1725.39 2.5892
1500 25.2128 1706.13 2.5962
1600 25.2314 1686.91 2.60305
1700 25.2504 1660.28 2.61021
1800 25.2697 1638.42 2.61714
1900 25.2893 1619.22 2.62262
2000 25.3092 1598.09 2.62908
2100 25.3295 1576.88 2.6361
2200 25.35 1561.04 2.64193
2300 25.3709 1533.24 2.65197
2400 25.392 1517.47 2.65798
2500 25.4133 1500.17 2.6648
2600 25.4349 1478.32 2.67329
2700 25.4568 1461.82 2.67996
2800 25.4789 1443.47 2.68738
2900 25.5013 1426.08 2.69485
3000 25.5239 1410.06 2.70175
3100 25.5467 1399.3 2.70648
3200 25.5697 1385.27 2.71243
3300 25.593 1372.36 2.71792
3400 25.6164 1354.96 2.72548
3500 25.6401 1340.66 2.73211
3600 25.664 1327.56 2.73814
3700 25.6881 1311.59 2.74537
3800 25.7123 1297.12 2.7519
3900 25.7368 1278.49 2.76056
4000 25.7615 1258.95 2.76975
4100 25.7863 1248.65 2.77515
4200 25.8113 1236.13 2.78138
4300 25.8365 1221.84 2.7881
4400 25.8619 1210.4 2.79451
4500 25.8875 1204.73 2.80147
4600 25.9132 1189.3 2.80898
4700 25.9391 1171.46 2.81602
4800 25.9651 1154.28 2.82333
4900 25.9913 1140.18 2.83072
5000 26.0177 1127.09 2.83741
5100 26.0443 1115.8 2.84492
5200 26.071 1099.42 2.85239
5300 26.0978 1089.24 2.86008
5400 26.1248 1070.93 2.869
5500 26.152 1053.79 2.87743
5600 26.1793 1047.18 2.88487
5700 26.2067 1033.07 2.89338
5800 26.2343 1022.93 2.90005
5900 26.2621 1003.97 2.90926
6000 26.2899 991.693 2.91725
6100 26.3179 982.83 2.9258
6200 26.3461 965.983 2.93378
6300 26.3744 945.914 2.9411
6400 26.4028 931.737 2.94919
6500 26.4314 921.474 2.95693
6600 26.4601 925.28 2.96458
6700 26.4889 899.868 2.97093
6800 26.5179 883.272 2.98048
6900 26.5469 876.637 2.98756
7000 26.5761 868.493 2.99336
7100 26.6055 857.98 3.00105
7200 26.6349 848.887 3.00761
7300 26.6645 824.758 3.01604
7400 26.6942 822.118 3.02494
7500 26.724 795.389 3.03246
7600 26.754 787.51 3.03962
7700 26.7841 776.114 3.04682
7800 26.8142 776.982 3.05306
7900 26.8445 753.876 3.05987
8000 26.8749 796.839 3.0671
8100 26.9055 744.003 3.07457
8200 26.9361 730.106 3.0817
8300 26.9669 723.449 3.08984
8400 26.9977 708.315 3.09599
8500 27.0287 706.282 3.10371
8600 27.0598 693.722 3.1123
8700 27.091 689.578 3.11868
8800 27.1223 673.826 3.12834
8900 27.1537 653.471 3.13639
9000 27.1852 659.736 3.14412
9100 27.2168 645.283 3.15253
9200 27.2485 618.909 3.16114
9300 27.2803 601.978 3.1705
9400 27.3123 606.385 3.17908
9500 27.3443 589.309 3.1879
9600 27.3764 588.919 3.19518
9700 27.4086 539.05 3.20165
9800 27.441 524.119 3.2096
9900 27.4734 495.328 3.21564
10000 27.5059 521.832 3.22171
10100 27.5386 508.388 3.23131
10200 27.5713 455.693 3.23996
10300 27.6041 465.26 3.24788
10400 27.637 454.636 3.25538
10500 27.67 378.3 3.26402
10600 27.7031 237.844 3.27245
10700 27.7363 226.687 3.28355
10800 27.7696 96.4824 3.2919
10900 27.803 -35.2321 3.29883
11000 27.8365 10.37 3.30646
11100 27.8701 3.14632 3.31456
11200 27.9037 -165.539 3.32291
11300 27.9375 -274.386 3.32615
11400 27.9713 -302.576 3.33232
11500 28.0052 -278.986 3.33892
11600 28.0392 -322.92 3.34551
11700 28.0733 -329.693 3.34922
11800 28.1075 -333.096 3.35416
11900 28.1418 -335.295 3.36043
12000 28.1762 -336.411 3.36504
12100 28.2106 -345.243 3.36902
12200 28.2452 -348.792 3.37284
12300 28.2798 -358.696 3.37625
12400 28.3145 -360.031 3.38106
12500 28.3493 -346.872 3.38482
12600 28.3842 -346.714 3.38822
12700 28.4191 -348.703 3.39423
12800 28.4542 -354.916 3.39893
12900 28.4893 -356.624 3.40184
13000 28.5245 -360.876 3.4065
13100 28.5598 -369.187 3.41175
13200 28.5951 -371.044 3.41368
13300 28.6306 -390.281 3.41982
13400 28.6661 -369.809 3.42487
13500 28.7017 -361.089 3.43114
13600 28.7374 -357.201 3.43527
13700 28.7732 -368.925 3.43611
13800 28.809 -389.689 3.44162
13900 28.8449 -392.308 3.44337
14000 28.8809 -394.221 3.44805
14100 28.917 -395.334 3.45397
14200 28.9532 -395.949 3.45459
14300 28.9894 -396.163 3.45644
14400 29.0257 -396.081 3.45923
14500 29.0621 -396.447 3.46341
14600 29.0985 -396.74 3.46262
14700 29.1351 -396.974 3.46526
14800 29.1717 -390.036 3.46697
14900 29.2084 -396.589 3.47061
15000 29.2451 -392.342 3.4714
15100 29.2819 -395.494 3.47388
15200 29.3188 -359.415 3.4783
15300 29.3558 -387.943 3.48094
15400 29.3929 -400.193 3.4812
15500 29.43 -400.669 3.48603
15600 29.4672 -401.57 3.48926
15700 29.5044 -401.82 3.49352
15800 29.5418 -401.805 3.49516
15900 29.5792 -401.92 3.4957
16000 29.6166 -402.059 3.49326
16100 29.6542 -401.634 3.49556
16200 29.6918 -401.679 3.49603
16300 29.7295 -401.678 3.49616
16400 29.7672 -402.209 3.49589
16500 29.8051 -401.929 3.4925
16600 29.843 -401.869 3.49408
16700 29.8809 -392.906 3.4969
16800 29.9189 -402.438 3.50036
16900 29.957 -402.769 3.49884
17000 29.9952 -395.033 3.50199
17100 30.0334 -399.445 3.50512
17200 30.0717 -400.57 3.50743
17300 30.1101 -400.763 3.5123
17400 30.1485 -401.282 3.51252
17500 30.187 -402.515 3.51564
17600 30.2256 -402.038 3.52107
17700 30.2642 -402.321 3.52262
17800 30.3029 -402.409 3.52207
17900 30.3417 -403.143 3.5206
18000 30.3805 -403.525 3.52178
18100 30.4194 -403.599 3.52492
18200 30.4584 -403.87 3.52532
18300 30.4974 -404.484 3.52739
18400 30.5365 -404.095 3.53271
18500 30.5756 -404.136 3.53542
18600 30.6148 -404.801 3.53691
18700 30.6541 -404.851 3.53774
18800 30.6934 -404.599 3.53867
18900 30.7328 -404.986 3.54012
19000 30.7723 -405.051 3.53882
19100 30.8118 -404.893 3.53798
19200 30.8514 -405.107 3.53767
19300 30.8911 -405.093 3.54116
19400 30.9308 -404.965 3.53954
19500 30.9706 -405.274 3.54115
19600 31.0104 -405.296 3.54134
19700 31.0503 -405.39 3.54331
19800 31.0902 -405.73 3.54173
19900 31.1303 -405.598 3.53998
20000 31.1703 -405.342 3.53929
20100 31.2105 -405.386 3.54119
20200 31.2507 -405.17 3.54278
20300 31.2909 -405.389 3.54662
20400 31.3312 -405.459 3.54678
20500 31.3716 -405.472 3.5494
20600 31.4121 -405.766 3.54806
20700 31.4526 -405.289 3.54772
20800 31.4931 -405.113 3.54952
20900 31.5337 -404.893 3.55055
21000 31.5744 -381.871 3.55406
21100 31.6151 -400.478 3.55585
21200 31.6559 -399.81 3.55583
21300 31.6967 -405.518 3.5597
21400 31.7376 -406.387 3.56056
21500 31.7786 -406.267 3.55911
21600 31.8196 -406.32 3.55668
21700 31.8607 -405.74 3.55717
21800 31.9018 -406.072 3.55914
21900 31.943 -406.31 3.56364
22000 31.9842 -406.31 3.56331
22100 32.0255 -405.989 3.56198
22200 32.0669 -406.255 3.56275
22300 32.1083 -406.551 3.56652
22400 32.1498 -405.824 3.56876
22500 32.1913 -406.417 3.57446
22600 32.2329 -406.267 3.57233
22700 32.2745 -405.605 3.57301
22800 32.3162 -406.126 3.57538
22900 32.3579 -406.33 3.57727
23000 32.3997 -406.36 3.57764
23100 32.4416 -406.654 3.57647
23200 32.4835 -377.882 3.57668
23300 32.5255 -387.177 3.58065
23400 32.5675 -389.171 3.58433
23500 32.6095 -389.486 3.58505
23600 32.6517 -390.118 3.5858
23700 32.6938 -402.636 3.58629
23800 32.7361 -403.224 3.58646
23900 32.7783 -402.927 3.58706
24000 32.8207 -403.188 3.58869
24100 32.8631 -403.539 3.58863
24200 32.9055 -403.48 3.59099
24300 32.948 -403.678 3.59193
24400 32.9906 -403.059 3.59099
24500 33.0332 -403.381 3.59186
24600 33.0758 -403.153 3.5918
24700 33.1185 -403.137 3.59318
24800 33.1613 -403.706 3.59219
24900 33.2041 -403.502 3.5923
25000 33.2469 -403.553 3.58988
25100 33.2898 -403.385 3.58825
25200 33.3328 -403.347 3.58897
25300 33.3758 -403.314 3.58411
25400 33.4189 -403.361 3.5852
25500 33.462 -403.274 3.59067
25600 33.5051 -403.247 3.59014
25700 33.5484 -403.352 3.58923
25800 33.5916 -403.129 3.59213
25900 33.6349 -403.447 3.59331
26000 33.6783 -403.753 3.5929
26100 33.7217 -403.76 3.59155
26200 33.7652 -403.804 3.59252
26300 33.8087 -404.24 3.59658
26400 33.8523 -403.748 3.59746
26500 33.8959 -404.084 3.59949
26600 33.9396 -403.965 3.59992
26700 33.9833 -403.723 3.59953
26800 34.027 -403.626 3.60131
26900 34.0708 -403.771 3.60601
27000 34.1147 -403.694 3.60486
27100 34.1586 -403.661 3.60769
27200 34.2026 -403.751 3.60432
27300 34.2466 -403.855 3.60736
27400 34.2906 -403.804 3.60747
27500 34.3347 -387.892 3.61119
27600 34.3789 -368.515 3.60793
27700 34.4231 -395.59 3.60841
27800 34.4673 -397.022 3.60624
27900 34.5116 -397.02 3.60713
28000 34.556 -397.75 3.60747
28100 34.6004 -399.613 3.61187
28200 34.6448 -400.327 3.61187
28300 34.6893 -400.63 3.61555
28400 34.7338 -401.151 3.61645
28500 34.7784 -400.822 3.6199
28600 34.823 -400.641 3.6194
28700 34.8677 -400.962 3.62344
28800 34.9124 -401.226 3.62472
28900 34.9572 -401.524 3.62552
29000 35.002 -401.695 3.62625
29100 35.0469 -401.627 3.63033
29200 35.0918 -401.598 3.63036
29300 35.1367 -401.573 3.6289
29400 35.1817 -382.921 3.63137
29500 35.2268 -401.376 3.6299
29600 35.2719 -379.978 3.63226
29700 35.317 -402.404 3.63274
29800 35.3622 -404.318 3.63561
29900 35.4074 -404.527 3.63411
30000 35.4527 -404.72 3.63558
30100 35.498 -404.594 3.63864
30200 35.5434 -404.486 3.63979
30300 35.5888 -404.985 3.64441
30400 35.6342 -404.86 3.64658
30500 35.6797 -404.833 3.64909
30600 35.7253 -405.21 3.648
30700 35.7708 -405.304 3.64978
30800 35.8165 -405.571 3.65139
30900 35.8622 -404.933 3.65445
31000 35.9079 -401.473 3.65542
31100 35.9536 -401.968 3.65648
31200 35.9995 -403.202 3.65788
31300 36.0453 -402.766 3.6586
31400 36.0912 -403.476 3.65724
31500 36.1371 -403.489 3.65627
31600 36.1831 -403.867 3.65952
31700 36.2292 -403.801 3.65924
31800 36.2752 -403.821 3.66132
31900 36.3213 -403.615 3.66185
32000 36.3675 -366.384 3.66278
32100 36.4137 -403.131 3.66502
32200 36.4599 -403.643 3.6669
32300 36.5062 -403.646 3.66441
32400 36.5526 -404.011 3.6641
32500 36.5989 -404.165 3.66554
32600 36.6454 -404.422 3.66399
32700 36.6918 -404.421 3.66314
32800 36.7383 -404.196 3.66039
32900 36.7849 -404.663 3.65854
33000 36.8315 -404.204 3.65889
33100 36.8781 -404.598 3.65641
33200 36.9248 -404.142 3.65375
33300 36.9715 -402.363 3.65107
33400 37.0182 -403.626 3.65175
33500 37.065 -404.187 3.65147
33600 37.1119 -403.971 3.65008
33700 37.1587 -404.444 3.64601
33800 37.2057 -398.671 3.64739
33900 37.2526 -401.149 3.64393
34000 37.2996 -401.73 3.64537
34100 37.3467 -402.189 3.64676
34200 37.3938 -402.062 3.65243
34300 37.4409 -398.556 3.65192
34400 37.4881 -401.303 3.6506
34500 37.5353 -401.896 3.6506
34600 37.5826 -401.89 3.65153
34700 37.6299 -402.313 3.6546
34800 37.6772 -402.18 3.65131
34900 37.7246 -402.373 3.65262
35000 37.772 -402.087 3.65398
35100 37.8194 -402.324 3.65244
35200 37.8669 -402.074 3.65404
35300 37.9145 -402.236 3.65162
35400 37.9621 -402.348 3.65575
35500 38.0097 -402.091 3.65666
35600 38.0573 -401.983 3.6562
35700 38.1051 -402.071 3.65517
35800 38.1528 -402.252 3.65502
35900 38.2006 -402.356 3.659
36000 38.2484 -402.59 3.65576
36100 38.2963 -402.555 3.661
36200 38.3442 -402.314 3.65959
36300 38.3921 -402.239 3.66154
36400 38.4401 -402.536 3.66263
36500 38.4881 -402.294 3.6665
36600 38.5362 -402.127 3.6635
36700 38.5843 -402.225 3.66754
36800 38.6324 -402.138 3.66848
36900 38.6806 -402.52 3.66868
37000 38.7288 -402.258 3.66698
37100 38.777 -402.554 3.66619
37200 38.8253 -402.712 3.66558
37300 38.8737 -402.527 3.66315
37400 38.922 -402.433 3.6666
37500 38.9705 -402.861 3.67016
37600 39.0189 -402.559 3.66806
37700 39.0674 -402.37 3.67092
37800 39.1159 -402.702 3.67237
37900 39.1645 -403.025 3.67365
38000 39.2131 -403.159 3.67481
38100 39.2617 -402.984 3.67406
38200 39.3104 -398.397 3.6782
38300 39.3591 -400.712 3.67706
38400 39.4079 -401.799 3.67838
38500 39.4567 -402.087 3.67881
38600 39.5055 -399.436 3.67692
38700 39.5544 -402.772 3.67417
38800 39.6033 -402.979 3.67209
38900 39.6523 -403.033 3.67122
39000 39.7012 -403.555 3.67344
39100 39.7503 -403.675 3.67501
39200 39.7993 -403.665 3.67469
39300 39.8484 -403.88 3.67514
39400 39.8976 -403.862 3.67294
39500 39.9467 -403.941 3.67403
39600 39.9959 -403.409 3.67622
39700 40.0452 -396.838 3.67564
39800 40.0945 -401.352 3.67886
39900 40.1438 -401.719 3.68303
40000 40.1932 -402.119 3.68436
40100 40.2426 -371.204 3.68825
40200 40.292 -395.016 3.69322
40300 40.3415 -396.431 3.69433
40400 40.391 -396.829 3.6962
40500 40.4405 -396.903 3.70076
40600 40.4901 -398.145 3.70278
40700 40.5397 -399.338 3.70712
40800 40.5894 -396.818 3.70815
40900 40.639 -398.896 3.70802
41000 40.6888 -398.403 3.70849
41100 40.7385 -399.516 3.71149
41200 40.7883 -399.457 3.71235
41300 40.8382 -400.227 3.70929
41400 40.888 -400.295 3.70765
41500 40.938 -399.718 3.70678
41600 40.9879 -400.279 3.70772
41700 41.0379 -402.298 3.70812
41800 41.0879 -402.366 3.70848
41900 41.1379 -402.79 3.70639
42000 41.188 -402.845 3.70891
42100 41.2382 -402.998 3.70662
42200 41.2883 -402.955 3.70911
42300 41.3385 -402.168 3.71147
42400 41.3887 -402.057 3.71419
42500 41.439 -390.367 3.71562
42600 41.4893 -394.319 3.71886
42700 41.5396 -396.164 3.72167
42800 41.59 -396.97 3.72253
42900 41.6404 -397.264 3.72219
43000 41.6909 -397.459 3.72189
43100 41.7413 -397.829 3.72135
43200 41.7919 -397.902 3.72441
43300 41.8424 -397.763 3.72586
43400 41.893 -397.752 3.72606
43500 41.9436 -397.69 3.72483
43600 41.9943 -397.973 3.72554
43700 42.045 -384.535 3.72674
43800 42.0957 -398.691 3.72554
43900 42.1464 -399.419 3.72377
44000 42.1972 -399.548 3.72543
44100 42.2481 -399.677 3.72535
44200 42.2989 -400.171 3.72751
44300 42.3498 -399.845 3.72975
44400 42.4007 -400.056 3.73083
44500 42.4517 -400.302 3.73136
44600 42.5027 -400.279 3.73306
44700 42.5537 -400.662 3.73633
44800 42.6048 -400.727 3.73397
44900 42.6559 -400.539 3.73791
45000 42.7071 -400.534 3.73725
45100 42.7582 -400.479 3.74048
45200 42.8094 -399.95 3.73681
45300 42.8607 -400.292 3.73687
45400 42.9119 -400.271 3.73936
45500 42.9632 -400.327 3.74155
45600 43.0146 -400.59 3.74354
45700 43.066 -400.57 3.74281
45800 43.1174 -400.484 3.74144
45900 43.1688 -400.437 3.74318
46000 43.2203 -400.405 3.74222
46100 43.2718 -400.419 3.74389
46200 43.3233 -400.577 3.74749
46300 43.3749 -400.467 3.75133
46400 43.4265 -398.67 3.75385
46500 43.4782 -400.393 3.75406
46600 43.5298 -400.371 3.75438
46700 43.5816 -399.78 3.75631
46800 43.6333 -399.973 3.75831
46900 43.6851 -400.309 3.76199
47000 43.7369 -400.416 3.76123
47100 43.7887 -400.56 3.76088
47200 43.8406 -400.571 3.76384
47300 43.8925 -400.596 3.76005
47400 43.9444 -400.413 3.7561
47500 43.9964 -400.245 3.75481
47600 44.0484 -400.65 3.7556
47700 44.1005 -400.675 3.75727
47800 44.1525 -400.501 3.76003
47900 44.2046 -400.999 3.75941
48000 44.2568 -401.115 3.75841
48100 44.3089 -395.504 3.76467
48200 44.3612 -391.608 3.76761
48300 44.4134 -385.17 3.76702
48400 44.4657 -386.958 3.76608
48500 44.518 -387.885 3.76606
48600 44.5703 -389.125 3.76741
48700 44.6226 -379.738 3.76891
48800 44.675 -396.444 3.76577
48900 44.7275 -398.721 3.76779
49000 44.7799 -398.844 3.77152
49100 44.8324 -398.836 3.76888
49200 44.885 -359.744 3.77025
49300 44.9375 -398.833 3.77049
49400 44.9901 -399.329 3.77405
49500 45.0427 -399.573 3.77552
49600 45.0954 -399.503 3.77665
49700 45.1481 -397.582 3.78063
49800 45.2008 -399.147 3.77979
49900 45.2535 -399.179 3.77869
50000 45.3063 -399.508 3.77704
50100 45.3591 -399.925 3.77806
50200 45.412 -399.796 3.77547
50300 45.4648 -399.976 3.77621
50400 45.5177 -400.145 3.77559
50500 45.5707 -400.051 3.77375
50600 45.6237 -399.877 3.77367
50700 45.6767 -399.581 3.77428
50800 45.7297 -399.838 3.77235
50900 45.7828 -399.664 3.77665
51000 45.8359 -399.843 3.779
51100 45.889 -400.339 3.78111
51200 45.9421 -400.478 3.7804
51300 45.9953 -400.556 3.78313
51400 46.0485 -400.357 3.78505
51500 46.1018 -400.132 3.78407
51600 46.1551 -400.356 3.78382
51700 46.2084 -400.358 3.78431
51800 46.2617 -400.201 3.78306
51900 46.3151 -399.973 3.78361
52000 46.3685 -400.282 3.78374
52100 46.422 -400.085 3.7839
52200 46.4754 -400.385 3.78531
52300 46.5289 -400.468 3.78519
52400 46.5824 -400.52 3.78223
52500 46.636 -400.831 3.77525
52600 46.6896 -400.409 3.77028
52700 46.7432 -400.199 3.77187
52800 46.7969 -400.278 3.77126
52900 46.8506 -400.475 3.76982
53000 46.9043 -400.765 3.76862
53100 46.958 -400.587 3.76893
53200 47.0118 -400.553 3.76648
53300 47.0656 -400.716 3.76967
53400 47.1194 -400.705 3.77007
53500 47.1733 -400.892 3.76979
53600 47.2272 -401.21 3.76766
53700 47.2811 -401.054 3.76725
53800 47.3351 -401.078 3.77156
53900 47.389 -400.827 3.77422
54000 47.4431 -400.654 3.77483
54100 47.4971 -400.674 3.77579
54200 47.5512 -395.559 3.77551
54300 47.6053 -397.743 3.77649
54400 47.6594 -397.859 3.77527
54500 47.7136 -398.176 3.77867
54600 47.7678 -400.445 3.77952
54700 47.822 -400.835 3.77793
54800 47.8762 -400.993 3.77773
54900 47.9305 -400.964 3.77854
55000 47.9848 -400.9 3.77508
55100 48.0392 -401.328 3.77587
55200 48.0936 -401.141 3.77606
55300 48.148 -400.977 3.77387
55400 48.2024 -401.125 3.77568
55500 48.2568 -401.266 3.77459
55600 48.3113 -401.302 3.77959
55700 48.3659 -401.273 3.77816
55800 48.4204 -401.13 3.77976
55900 48.475 -398.416 3.77967
56000 48.5296 -400.139 3.77712
56100 48.5842 -400.724 3.77644
56200 48.6389 -401.281 3.77671
56300 48.6936 -401.222 3.7817
56400 48.7483 -401.122 3.77743
56500 48.8031 -401.092 3.77492
56600 48.8579 -401.159 3.77761
56700 48.9127 -401.191 3.77533
56800 48.9675 -401.02 3.77366
56900 49.0224 -400.83 3.77924
57000 49.0773 -400.988 3.77979
57100 49.1322 -397.373 3.78347
57200 49.1872 -399.125 3.78324
57300 49.2421 -399.566 3.78501
57400 49.2972 -399.132 3.78683
57500 49.3522 -399.529 3.7895
57600 49.4073 -399.662 3.78677
57700 49.4624 -399.726 3.78417
57800 49.5175 -399.636 3.77899
57900 49.5727 -399.702 3.77736
58000 49.6278 -399.761 3.7787
58100 49.6831 -400.025 3.77641
58200 49.7383 -400.049 3.77479
58300 49.7936 -400.114 3.77327
58400 49.8489 -401.168 3.76797
58500 49.9042 -401.159 3.7698
58600 49.9596 -401.565 3.77045
58700 50.0149 -401.473 3.7675
58800 50.0704 -401.319 3.76566
58900 50.1258 -401.414 3.76771
59000 50.1813 -401.239 3.76817
59100 50.2368 -401.552 3.76711
59200 50.2923 -401.511 3.7688
59300 50.3478 -379.765 3.76853
59400 50.4034 -395.38 3.76945
59500 50.459 -396.452 3.77347
59600 50.5147 -397.761 3.76954
59700 50.5703 -397.786 3.77273
59800 50.626 -397.944 3.77408
59900 50.6818 -398.263 3.77802
60000 50.7375 -398.741 3.77895
60100 50.7933 -398.823 3.78202
60200 50.8491 -399.087 3.78158
60300 50.9049 -398.961 3.78102
60400 50.9608 -399.115 3.78006
60500 51.0167 -398.903 3.77664
60600 51.0726 -399.312 3.77274
60700 51.1285 -398.975 3.77347
60800 51.1845 -399.18 3.77636
60900 51.2405 -399.447 3.77909
61000 51.2966 -399.365 3.77754
61100 51.3526 -399.24 3.78066
61200 51.4087 -399.03 3.78136
61300 51.4648 -399.005 3.78087
61400 51.5209 -398.716 3.78154
61500 51.5771 -398.977 3.78243
61600 51.6333 -399.631 3.78293
61700 51.6895 -399.657 3.78041
61800 51.7458 -399.811 3.78091
61900 51.802 -400.01 3.7789
62000 51.8583 -399.698 3.77776
62100 51.9147 -399.802 3.77684
62200 51.971 -399.348 3.77744
62300 52.0274 -399.806 3.77883
62400 52.0838 -400.183 3.77894
62500 52.1403 -400.225 3.7827
62600 52.1967 -400.245 3.78324
62700 52.2532 -400.047 3.78228
62800 52.3097 -400.186 3.7796
62900 52.3663 -399.912 3.77928
63000 52.4229 -398.371 3.77759
63100 52.4795 -399.257 3.77881
63200 52.5361 -398.858 3.78515
63300 52.5927 -399.502 3.78484
63400 52.6494 -399.787 3.78222
63500 52.7061 -400.11 3.78508
63600 52.7629 -400.036 3.78684
63700 52.8196 -400.244 3.78807
63800 52.8764 -401.07 3.78619
63900 52.9332 -401.485 3.78603
64000 52.9901 -401.485 3.78466
64100 53.0469 -401.649 3.78501
64200 53.1038 -401.527 3.78356
64300 53.1608 -401.537 3.78358
64400 53.2177 -401.305 3.78332
64500 53.2747 -401.794 3.78185
64600 53.3317 -401.64 3.78151
64700 53.3887 -401.484 3.78315
64800 53.4458 -401.738 3.78126
64900 53.5028 -401.581 3.78259
65000 53.5599 -401.53 3.78161
65100 53.6171 -401.497 3.78213
65200 53.6742 -401.4 3.78042
65300 53.7314 -401.552 3.78017
65400 53.7886 -401.345 3.77882
65500 53.8459 -401.771 3.77785
65600 53.9031 -401.724 3.77781
65700 53.9604 -401.766 3.776
65800 54.0177 -401.638 3.77623
65900 54.0751 -401.805 3.77722
66000 54.1325 -402.118 3.77906
66100 54.1899 -402.315 3.77739
66200 54.2473 -402.22 3.77594
66300 54.3047 -402.12 3.77634
66400 54.3622 -402.324 3.777
66500 54.4197 -402.264 3.77466
66600 54.4772 -401.727 3.77293
66700 54.5348 -402.019 3.76993
66800 54.5923 -401.939 3.77023
66900 54.6499 -402.169 3.76999
67000 54.7076 -402.309 3.76966
67100 54.7652 -402.156 3.76554
67200 54.8229 -402.431 3.7706
67300 54.8806 -402.302 3.77021
67400 54.9384 -402.175 3.76999
67500 54.9961 -400.433 3.7693
67600 55.0539 -401.851 3.7709
67700 55.1117 -401.934 3.76982
67800 55.1695 -402.174 3.76947
67900 55.2274 -402.193 3.77287
68000 55.2853 -402.182 3.77425
68100 55.3432 -401.963 3.77692
68200 55.4011 -401.987 3.77406
68300 55.4591 -402.005 3.77531
68400 55.5171 -401.94 3.77514
68500 55.5751 -402.09 3.77611
68600 55.6331 -400.281 3.77985
68700 55.6912 -401.967 3.78315
68800 55.7493 -402.034 3.78832
68900 55.8074 -401.975 3.79248
69000 55.8655 -402.053 3.79339
69100 55.9237 -402.037 3.79242
69200 55.9819 -402.072 3.79476
69300 56.0401 -402.118 3.79098
69400 56.0983 -402.154 3.79231
69500 56.1566 -402.201 3.79039
69600 56.2149 -402.386 3.79037
69700 56.2732 -402.45 3.78939
69800 56.3316 -401.657 3.79222
69900 56.3899 -402.298 3.79117
70000 56.4483 -402.326 3.78999
70100 56.5067 -402.537 3.78723
70200 56.5652 -402.503 3.79043
70300 56.6236 -402.571 3.79165
70400 56.6821 -402.539 3.79275
70500 56.7407 -402.638 3.79285
70600 56.7992 -402.234 3.79455
70700 56.8578 -402.332 3.79303
70800 56.9164 -402.346 3.79135
70900 56.975 -402.408 3.79182
71000 57.0336 -402.443 3.79236
71100 57.0923 -402.407 3.79376
71200 57.151 -402.262 3.79482
71300 57.2097 -401.877 3.79451
71400 57.2684 -402.364 3.79086
71500 57.3272 -402.445 3.7935
71600 57.386 -402.319 3.79079
71700 57.4448 -402.369 3.79366
71800 57.5036 -402.553 3.79288
71900 57.5625 -402.405 3.79151
72000 57.6214 -402.211 3.78876
72100 57.6803 -402.296 3.78721
72200 57.7392 -402.402 3.78617
72300 57.7982 -402.315 3.78795
72400 57.8572 -401.984 3.7876
72500 57.9162 -402.103 3.78691
72600 57.9752 -402.269 3.78887
72700 58.0343 -402.204 3.79005
72800 58.0934 -402.433 3.78959
72900 58.1525 -388.164 3.78939
73000 58.2116 -391.006 3.78944
73100 58.2708 -393.717 3.79129
73200 58.3299 -396.895 3.7907
73300 58.3891 -397.544 3.79018
73400 58.4484 -397.774 3.79007
73500 58.5076 -398.263 3.78738
73600 58.5669 -398.469 3.79055
73700 58.6262 -398.413 3.79065
73800 58.6855 -398.445 3.79108
73900 58.7449 -398.309 3.7909
74000 58.8042 -398.021 3.79151
74100 58.8636 -399.332 3.79041
74200 58.9231 -399.184 3.78759
74300 58.9825 -398.777 3.78799
74400 59.042 -399.4 3.78855
74500 59.1015 -399.639 3.78886
74600 59.161 -400.515 3.7883
74700 59.2205 -400.729 3.78814
74800 59.2801 -400.88 3.78666
74900 59.3397 -401.473 3.78722
75000 59.3993 -401.626 3.78861
75100 59.4589 -401.608 3.78781
75200 59.5186 -401.492 3.7853
75300 59.5783 -401.518 3.78574
75400 59.638 -399.618 3.78601
75500 59.6977 -401.522 3.78573
75600 59.7575 -401.563 3.7867
75700 59.8173 -401.694 3.78791
75800 59.8771 -401.823 3.78702
75900 59.9369 -402.348 3.78657
76000 59.9967 -402.187 3.78435
76100 60.0566 -401.922 3.78655
76200 60.1165 -402.053 3.78527
76300 60.1764 -402.238 3.78298
76400 60.2364 -402.671 3.78154
76500 60.2964 -402.683 3.78267
76600 60.3563 -398.838 3.78447
76700 60.4164 -400.19 3.78306
76800 60.4764 -400.912 3.78532
76900 60.5365 -401.33 3.78134
77000 60.5966 -401.281 3.78056
77100 60.6567 -401.431 3.78187
77200 60.7168 -401.566 3.78045
77300 60.777 -401.577 3.78126
77400 60.8371 -401.669 3.78436
77500 60.8973 -401.63 3.7867
77600 60.9576 -401.511 3.78762
77700 61.0178 -401.676 3.78829
77800 61.0781 -401.664 3.79171
77900 61.1384 -401.795 3.79096
78000 61.1987 -401.646 3.79277
78100 61.259 -401.602 3.79184
78200 61.3194 -401.618 3.78916
78300 61.3798 -401.621 3.79271
78400 61.4402 -401.782 3.79359
78500 61.5006 -401.856 3.79531
78600 61.5611 -401.885 3.79335
78700 61.6216 -401.95 3.7937
78800 61.6821 -401.981 3.79502
78900 61.7426 -401.844 3.79362
79000 61.8032 -396.232 3.79503
79100 61.8637 -398.851 3.79531
79200 61.9243 -399.604 3.79475
79300 61.985 -399.806 3.79674
79400 62.0456 -400.195 3.79847
79500 62.1063 -400.241 3.79453
79600 62.167 -400.68 3.7939
79700 62.2277 -400.763 3.79188
79800 62.2884 -400.838 3.79493
79900 62.3492 -401.294 3.79473
80000 62.4099 -401.309 3.79433
80100 62.4707 -402.002 3.79323
80200 62.5316 -402.496 3.79061
80300 62.5924 -402.872 3.79013
80400 62.6533 -403.06 3.79054
80500 62.7142 -402.988 3.7927
80600 62.7751 -402.908 3.7885
80700 62.836 -402.888 3.78913
80800 62.897 -401.262 3.78945
80900 62.958 -401.681 3.78788
81000 63.019 -401.84 3.78767
81100 63.08 -402.034 3.78558
81200 63.1411 -401.977 3.78726
81300 63.2021 -402.674 3.79091
81400 63.2632 -402.715 3.7903
81500 63.3244 -402.85 3.78784
81600 63.3855 -402.982 3.78862
81700 63.4467 -402.658 3.79009
81800 63.5079 -402.854 3.78941
81900 63.5691 -402.828 3.78287
82000 63.6303 -402.973 3.78289
82100 63.6915 -402.921 3.78331
82200 63.7528 -400.756 3.78303
82300 63.8141 -401.178 3.78135
82400 63.8754 -402.633 3.78313
82500 63.9368 -402.758 3.77989
82600 63.9982 -402.635 3.78258
82700 64.0595 -402.99 3.78344
82800 64.121 -402.917 3.78454
82900 64.1824 -402.82 3.78242
83000 64.2438 -402.781 3.78118
83100 64.3053 -402.834 3.78055
83200 64.3668 -402.849 3.78097
83300 64.4283 -401.039 3.78214
83400 64.4899 -402.985 3.77903
83500 64.5515 -403.02 3.7804
83600 64.613 -403.215 3.78016
83700 64.6746 -397.622 3.78015
83800 64.7363 -399.225 3.77788
83900 64.7979 -399.261 3.78028
84000 64.8596 -399.557 3.77897
84100 64.9213 -399.882 3.78111
84200 64.983 -400.112 3.78635
84300 65.0448 -400.214 3.78694
84400 65.1065 -400.251 3.78651
84500 65.1683 -400.531 3.78505
84600 65.2301 -400.514 3.78328
84700 65.292 -400.328 3.78514
84800 65.3538 -400.528 3.7859
84900 65.4157 -400.474 3.78782
85000 65.4776 -400.958 3.78787
85100 65.5395 -400.891 3.79103
85200 65.6014 -401.209 3.79804
85300 65.6634 -401.223 3.79668
85400 65.7254 -401.1 3.79552
85500 65.7874 -401.226 3.79741
85600 65.8494 -401.153 3.79601
85700 65.9115 -400.942 3.79451
85800 65.9735 -400.262 3.79595
85900 66.0356 -400.347 3.79994
86000 66.0977 -400.558 3.79909
86100 66.1599 -400.685 3.79991
86200 66.222 -397.07 3.79926
86300 66.2842 -397.925 3.80464
86400 66.3464 -398.474 3.80156
86500 66.4086 -400.612 3.80046
86600 66.4709 -400.748 3.79864
86700 66.5331 -401.093 3.80085
86800 66.5954 -401.3 3.80358
86900 66.6577 -401.183 3.80327
87000 66.7201 -399.189 3.8048
87100 66.7824 -400.935 3.808
87200 66.8448 -401.152 3.80482
87300 66.9072 -401.064 3.80454
87400 66.9696 -400.633 3.80233
87500 67.032 -401.015 3.8045
87600 67.0945 -401.119 3.80502
87700 67.157 -401.279 3.80459
87800 67.2195 -401.502 3.80437
87900 67.282 -401.251 3.80454
88000 67.3445 -401.489 3.80583
88100 67.4071 -401.439 3.80399
88200 67.4697 -401.529 3.8023
88300 67.5323 -401.328 3.80221
88400 67.5949 -401.483 3.80442
88500 67.6576 -401.533 3.80371
88600 67.7203 -401.43 3.80708
88700 67.7829 -401.399 3.80709
88800 67.8457 -401.144 3.80755
88900 67.9084 -401.002 3.80625
89000 67.9712 -401.052 3.80958
89100 68.0339 -401.34 3.80931
89200 68.0967 -401.479 3.8104
89300 68.1595 -401.304 3.81056
89400 68.2224 -401.372 3.81066
89500 68.2853 -401.126 3.80913
89600 68.3481 -401.285 3.81096
89700 68.411 -401.08 3.80701
89800 68.474 -400.985 3.80936
89900 68.5369 -401.05 3.80854
90000 68.5999 -401.162 3.81041
90100 68.6629 -401.151 3.8112
90200 68.7259 -401.367 3.81321
90300 68.7889 -401.324 3.81591
90400 68.852 -401.168 3.81782
90500 68.915 -401.211 3.82122
90600 68.9781 -401.279 3.82071
90700 69.0412 -401.234 3.82138
90800 69.1044 -395.148 3.82072
90900 69.1675 -400.763 3.82294
91000 69.2307 -400.25 3.8246
91100 69.2939 -400.843 3.82187
91200 69.3571 -400.737 3.82552
91300 69.4204 -401.217 3.8219
91400 69.4836 -401.751 3.82412
91500 69.5469 -401.814 3.8242
91600 69.6102 -401.386 3.82342
91700 69.6735 -401.534 3.82083
91800 69.7369 -401.68 3.81882
91900 69.8002 -401.858 3.8195
92000 69.8636 -401.455 3.81943
92100 69.927 -401.562 3.82215
92200 69.9904 -401.521 3.82586
92300 70.0539 -401.732 3.82748
92400 70.1173 -401.658 3.82719
92500 70.1808 -401.694 3.8294
92600 70.2443 -401.988 3.83288
92700 70.3079 -402.015 3.83047
92800 70.3714 -402.024 3.83049
92900 70.435 -401.727 3.8285
93000 70.4986 -401.804 3.83072
93100 70.5622 -401.745 3.83178
93200 70.6258 -401.793 3.83317
93300 70.6895 -401.701 3.8313
93400 70.7531 -401.233 3.83013
93500 70.8168 -401.733 3.83121
93600 70.8805 -401.759 3.83637
93700 70.9443 -401.629 3.83724
93800 71.008 -401.666 3.83277
93900 71.0718 -401.87 3.83124
94000 71.1356 -401.815 3.82614
94100 71.1994 -401.918 3.82548
94200 71.2633 -401.758 3.82618
94300 71.3271 -401.805 3.82899
94400 71.391 -401.832 3.82847
94500 71.4549 -396.328 3.82784
94600 71.5188 -399.911 3.8283
94700 71.5827 -400.626 3.82882
94800 71.6467 -400.839 3.82453
94900 71.7107 -401.262 3.82434
95000 71.7747 -401.421 3.823
95100 71.8387 -401.392 3.82432
95200 71.9027 -401.639 3.82218
95300 71.9668 -401.919 3.82372
95400 72.0309 -402.004 3.82635
95500 72.095 -402.108 3.82856
95600 72.1591 -401.914 3.82568
95700 72.2232 -401.81 3.82579
95800 72.2874 -401.734 3.8238
95900 72.3515 -401.764 3.82511
96000 72.4157 -401.944 3.82392
96100 72.48 -402.036 3.82298
96200 72.5442 -401.949 3.82492
96300 72.6085 -402.098 3.82572
96400 72.6727 -402.15 3.82444
96500 72.737 -402.055 3.82243
96600 72.8014 -402.016 3.82541
96700 72.8657 -402.065 3.82688
96800 72.9301 -401.869 3.82688
96900 72.9944 -402.002 3.82895
97000 73.0588 -402.26 3.82918
97100 73.1233 -402.223 3.83017
97200 73.1877 -402.108 3.83059
97300 73.2522 -402.152 3.82876
97400 73.3166 -402.271 3.83005
97500 73.3811 -402.169 3.83109
97600 73.4456 -402.222 3.83504
97700 73.5102 -402.372 3.83602
97800 73.5747 -402.271 3.83363
97900 73.6393 -402.242 3.83648
98000 73.7039 -402.359 3.83501
98100 73.7685 -402.21 3.83783
98200 73.8332 -402.016 3.83917
98300 73.8978 -402.325 3.83618
98400 73.9625 -402.322 3.83291
98500 74.0272 -402.197 3.83032
98600 74.0919 -382.094 3.83047
98700 74.1567 -398.687 3.83272
98800 74.2214 -398.918 3.83137
98900 74.2862 -399.08 3.83389
99000 74.351 -398.84 3.83483
99100 74.4158 -399.287 3.83645
99200 74.4806 -399.387 3.83724
99300 74.5455 -399.401 3.83739
99400 74.6104 -399.261 3.83592
99500 74.6752 -399.432 3.84023
99600 74.7402 -399.549 3.83848
99700 74.8051 -399.636 3.84185
99800 74.87 -399.68 3.84094
99900 74.935 -399.464 3.84357
100000 75 -399.381 3.84345
