100 30.07 2116.57 2.50584
200 30.14 2009.85 2.51282
300 30.21 1963.67 2.52091
400 30.28 1942.23 2.52689
500 30.35 1915.47 2.53463
600 30.42 1892.31 2.54105
700 30.49 1855.05 2.5485
800 30.56 1831.87 2.55456
900 30.63 1805.81 2.56058
1000 30.7 1779.15 2.5688
1100 30.77 1875.62 2.57524
1200 30.84 1750.2 2.58214
1300 30.91 1720.4 2.59022
1400 30.98 1694.22 2.59669
1500 31.05 1672.52 2.6036
1600 31.12 1654.43 2.61047
1700 31.19 1626.5 2.61862
1800 31.26 1605.39 2.62592
1900 31.33 1583 2.63398
2000 31.4 1570 2.64088
2100 31.47 1546.82 2.64823
2200 31.54 1525.84 2.65532
2300 31.61 1504.45 2.66242
2400 31.68 1487.4 2.6691
2500 31.75 1465.1 2.67761
2600 31.82 1442.76 2.68577
2700 31.89 1421.6 2.69416
2800 31.96 1400.81 2.70254
2900 32.03 1378.57 2.7112
3000 32.1 1356.16 2.72034
3100 32.17 1339.82 2.72803
3200 32.24 1328.61 2.73425
3300 32.31 1310.42 2.74164
3400 32.38 1291.3 2.75003
3500 32.45 1280.23 2.75612
3600 32.52 1260.07 2.76453
3700 32.59 1245.27 2.77184
3800 32.66 1232.6 2.77975
3900 32.73 1219.8 2.78667
4000 32.8 1198.93 2.79541
4100 32.87 1185.7 2.80233
4200 32.94 1177.32 2.8098
4300 33.01 1156.8 2.81785
4400 33.08 1140.02 2.82539
4500 33.15 1124.44 2.83441
4600 33.22 1113.66 2.84199
4700 33.29 1091.16 2.85079
4800 33.36 1077.71 2.85904
4900 33.43 1063.64 2.8673
5000 33.5 1055.54 2.8742
5100 33.57 1036.41 2.8815
5200 33.64 1024.19 2.88936
5300 33.71 1011.13 2.89562
5400 33.78 1003.23 2.90406
5500 33.85 996.202 2.9119
5600 33.92 968.183 2.92107
5700 33.99 959.757 2.92806
5800 34.06 943.102 2.93646
5900 34.13 929.581 2.9442
6000 34.2 923.622 2.95216
6100 34.27 903.911 2.96026
6200 34.34 902.694 2.96703
6300 34.41 884.592 2.9764
6400 34.48 868.123 2.98231
6500 34.55 856.284 2.99277
6600 34.62 843.464 3.00039
6700 34.69 833.569 3.00862
6800 34.76 817.907 3.01715
6900 34.83 802.666 3.02628
7000 34.9 797.481 3.03369
7100 34.97 775.979 3.04051
7200 35.04 765.873 3.04893
7300 35.11 756.598 3.05535
7400 35.18 750.666 3.06276
7500 35.25 715.546 3.07263
7600 35.32 707.984 3.08183
7700 35.39 698.491 3.08943
7800 35.46 688.306 3.09758
7900 35.53 674.175 3.10612
8000 35.6 656.907 3.11463
8100 35.67 660.749 3.12206
8200 35.74 634.781 3.12918
8300 35.81 641.033 3.13572
8400 35.88 622.455 3.14302
8500 35.95 605.745 3.15301
8600 36.02 593.627 3.16181
8700 36.09 596.299 3.16965
8800 36.16 561.543 3.1797
8900 36.23 538.703 3.18704
9000 36.3 567.115 3.19587
9100 36.37 503.577 3.20375
9200 36.44 506.166 3.21049
9300 36.51 421.192 3.21984
9400 36.58 425.727 3.22777
9500 36.65 439.896 3.23689
9600 36.72 464.413 3.24738
9700 36.79 427.86 3.25502
9800 36.86 365.577 3.26227
9900 36.93 342.269 3.2709
10000 37 283.948 3.28003
10100 37.07 209.878 3.28842
10200 37.14 262.223 3.2962
10300 37.21 241.677 3.30446
10400 37.28 206.854 3.31027
10500 37.35 67.4951 3.31959
10600 37.42 -60.9787 3.32747
10700 37.49 -147.077 3.33732
10800 37.56 -233.838 3.34431
10900 37.63 -232.149 3.35287
11000 37.7 -301.178 3.35976
11100 37.77 -314.299 3.36676
11200 37.84 -273.896 3.37725
11300 37.91 -327.174 3.38601
11400 37.98 -319.256 3.39318
11500 38.05 -310.844 3.39862
11600 38.12 -289.526 3.40547
11700 38.19 -353.76 3.41134
11800 38.26 -363.294 3.41692
11900 38.33 -355.884 3.42021
12000 38.4 -351.402 3.42468
12100 38.47 -354.106 3.42958
12200 38.54 -355.328 3.43519
12300 38.61 -363.508 3.44168
12400 38.68 -364.419 3.44659
12500 38.75 -366.955 3.44963
12600 38.82 -355.304 3.45244
12700 38.89 -373.278 3.45744
12800 38.96 -375.277 3.4611
12900 39.03 -356.746 3.46867
13000 39.1 -358.092 3.47225
13100 39.17 -376.506 3.47574
13200 39.24 -377.031 3.4803
13300 39.31 -377.803 3.48192
13400 39.38 -378.536 3.48746
13500 39.45 -378.659 3.48879
13600 39.52 -363.756 3.49295
13700 39.59 -376.638 3.49648
13800 39.66 -365.332 3.50197
13900 39.73 -381.56 3.504
14000 39.8 -381.306 3.50617
14100 39.87 -381.405 3.50702
14200 39.94 -369.738 3.51169
14300 40.01 -382.151 3.51323
14400 40.08 -382.323 3.51636
14500 40.15 -382.364 3.51706
14600 40.22 -382.709 3.52286
14700 40.29 -382.978 3.52457
14800 40.36 -383.622 3.52484
14900 40.43 -383.527 3.5276
15000 40.5 -383.658 3.53117
15100 40.57 -359.646 3.5323
15200 40.64 -383.415 3.53349
15300 40.71 -384.106 3.53516
15400 40.78 -384.509 3.5366
15500 40.85 -384.42 3.53776
15600 40.92 -384.073 3.53868
15700 40.99 -384.526 3.54157
15800 41.06 -384.36 3.54472
15900 41.13 -384.057 3.5468
16000 41.2 -391.86 3.54863
16100 41.27 -384.243 3.5489
16200 41.34 -372.665 3.5541
16300 41.41 -390.567 3.55728
16400 41.48 -392.122 3.56015
16500 41.55 -392.182 3.56077
16600 41.62 -392.714 3.55862
16700 41.69 -393.643 3.55963
16800 41.76 -389.57 3.56442
16900 41.83 -388.538 3.56439
17000 41.9 -398.618 3.56507
17100 41.97 -399.187 3.56763
17200 42.04 -399.245 3.57137
17300 42.11 -399.556 3.57228
17400 42.18 -399.305 3.57389
17500 42.25 -399.503 3.57496
17600 42.32 -399.686 3.57483
17700 42.39 -399.455 3.57813
17800 42.46 -399.644 3.58084
17900 42.53 -399.563 3.58458
18000 42.6 -399.521 3.5838
18100 42.67 -400.093 3.58324
18200 42.74 -384.962 3.5805
18300 42.81 -396.403 3.58199
18400 42.88 -395.173 3.5843
18500 42.95 -398.796 3.58647
18600 43.02 -399.538 3.58658
18700 43.09 -399.163 3.58911
18800 43.16 -399.546 3.58793
18900 43.23 -399.697 3.59152
19000 43.3 -400.045 3.59238
19100 43.37 -400.418 3.58985
19200 43.44 -400.431 3.5924
19300 43.51 -400.327 3.59779
19400 43.58 -400.14 3.59593
19500 43.65 -398.502 3.59726
19600 43.72 -323.426 3.59882
19700 43.79 -400.033 3.60556
19800 43.86 -395.075 3.60612
19900 43.93 -400.548 3.60805
20000 44 -400.15 3.6065
20100 44.07 -400.817 3.6078
20200 44.14 -396.159 3.61138
20300 44.21 -400.83 3.61421
20400 44.28 -400.697 3.61654
20500 44.35 -400.625 3.61569
20600 44.42 -395.712 3.61333
20700 44.49 -399.735 3.60901
20800 44.56 -400.678 3.60646
20900 44.63 -400.402 3.6058
21000 44.7 -401.05 3.61277
21100 44.77 -401.44 3.6132
21200 44.84 -401.61 3.61449
21300 44.91 -401.348 3.61308
21400 44.98 -401.006 3.61483
21500 45.05 -400.774 3.61575
21600 45.12 -395.565 3.6125
21700 45.19 -398.632 3.61253
21800 45.26 -400.331 3.61405
21900 45.33 -400.245 3.61955
22000 45.4 -401.115 3.61783
22100 45.47 -401.711 3.61546
22200 45.54 -401.878 3.61674
22300 45.61 -401.498 3.61539
22400 45.68 -401.758 3.61925
22500 45.75 -401.683 3.62327
22600 45.82 -401.474 3.6257
22700 45.89 -401.433 3.63307
22800 45.96 -401.652 3.63183
22900 46.03 -401.747 3.631
23000 46.1 -401.708 3.63058
23100 46.17 -401.532 3.63086
23200 46.24 -399.122 3.63177
23300 46.31 -401.165 3.63455
23400 46.38 -401.363 3.63385
23500 46.45 -401.643 3.62865
23600 46.52 -401.862 3.62886
23700 46.59 -401.819 3.63053
23800 46.66 -401.796 3.63147
23900 46.73 -401.73 3.62878
24000 46.8 -401.71 3.62706
24100 46.87 -401.402 3.6273
24200 46.94 -397.877 3.62631
24300 47.01 -401.084 3.62143
24400 47.08 -397.378 3.62477
24500 47.15 -401.677 3.62327
24600 47.22 -401.749 3.62394
24700 47.29 -394.354 3.62835
24800 47.36 -401.402 3.62966
24900 47.43 -401.475 3.63033
25000 47.5 -400.087 3.63293
25100 47.57 -400.703 3.6335
25200 47.64 -401.409 3.6326
25300 47.71 -401.452 3.63372
25400 47.78 -392.585 3.63159
25500 47.85 -401.07 3.63245
25600 47.92 -401.458 3.6317
25700 47.99 -395.387 3.63169
25800 48.06 -401.427 3.62985
25900 48.13 -401.634 3.6291
26000 48.2 -368.187 3.63099
26100 48.27 -398.025 3.63062
26200 48.34 -399.859 3.63048
26300 48.41 -400.093 3.62889
26400 48.48 -393.075 3.62732
26500 48.55 -397.306 3.63198
26600 48.62 -400.264 3.63712
26700 48.69 -396.469 3.63465
26800 48.76 -399.622 3.63221
26900 48.83 -399.748 3.63148
27000 48.9 -400.087 3.62959
27100 48.97 -393.011 3.62889
27200 49.04 -393.481 3.62921
27300 49.11 -400.503 3.62772
27400 49.18 -400.023 3.62984
27500 49.25 -400.537 3.6318
27600 49.32 -393.678 3.63468
27700 49.39 -400.516 3.63463
27800 49.46 -394.359 3.63604
27900 49.53 -400.868 3.63469
28000 49.6 -401.483 3.63294
28100 49.67 -401.346 3.63672
28200 49.74 -399.793 3.63656
28300 49.81 -400.932 3.63732
28400 49.88 -395.229 3.63794
28500 49.95 -400.881 3.63759
28600 50.02 -401.257 3.63735
28700 50.09 -393.582 3.63503
28800 50.16 -401.462 3.63114
28900 50.23 -401.625 3.6321
29000 50.3 -401.263 3.63311
29100 50.37 -392.321 3.63406
29200 50.44 -401.521 3.63336
29300 50.51 -400.568 3.63203
29400 50.58 -394.902 3.63643
29500 50.65 -401.375 3.63697
29600 50.72 -393.971 3.64019
29700 50.79 -395.397 3.64511
29800 50.86 -401.274 3.64411
29900 50.93 -401.508 3.647
30000 51 -401.676 3.64563
30100 51.07 -401.697 3.6476
30200 51.14 -401.181 3.64992
30300 51.21 -401.446 3.64787
30400 51.28 -401.491 3.64968
30500 51.35 -401.396 3.65511
30600 51.42 -401.65 3.65822
30700 51.49 -401.512 3.6592
30800 51.56 -401.493 3.65814
30900 51.63 -396.244 3.66064
31000 51.7 -400.659 3.6601
31100 51.77 -400.844 3.65964
31200 51.84 -400.983 3.65976
31300 51.91 -401.484 3.6587
31400 51.98 -401.235 3.65869
31500 52.05 -400.693 3.66088
31600 52.12 -394.97 3.6621
31700 52.19 -394.196 3.65943
31800 52.26 -401.145 3.65659
31900 52.33 -400.484 3.65713
32000 52.4 -401.28 3.65438
32100 52.47 -401.724 3.65481
32200 52.54 -401.775 3.65113
32300 52.61 -401.649 3.6509
32400 52.68 -401.797 3.65365
32500 52.75 -401.657 3.65373
32600 52.82 -401.832 3.65597
32700 52.89 -401.846 3.65358
32800 52.96 -401.837 3.65261
32900 53.03 -401.283 3.65161
33000 53.1 -401.786 3.65222
33100 53.17 -401.821 3.65322
33200 53.24 -401.944 3.65247
33300 53.31 -393.057 3.64842
33400 53.38 -397.243 3.65053
33500 53.45 -401.866 3.65202
33600 53.52 -402.063 3.65246
33700 53.59 -400.863 3.65351
33800 53.66 -401.791 3.65502
33900 53.73 -401 3.65843
34000 53.8 -396.669 3.66196
34100 53.87 -401.933 3.66155
34200 53.94 -399.504 3.66191
34300 54.01 -400.98 3.66365
34400 54.08 -400.731 3.66215
34500 54.15 -401.019 3.66417
34600 54.22 -401.202 3.66655
34700 54.29 -397.743 3.66728
34800 54.36 -401.262 3.66634
34900 54.43 -401.186 3.6636
35000 54.5 -401.651 3.66761
35100 54.57 -401.659 3.66795
35200 54.64 -401.522 3.66756
35300 54.71 -401.427 3.6682
35400 54.78 -401.761 3.66877
35500 54.85 -401.654 3.66952
35600 54.92 -401.335 3.6709
35700 54.99 -401.468 3.67112
35800 55.06 -401.727 3.67391
35900 55.13 -401.605 3.66959
36000 55.2 -401.52 3.66896
36100 55.27 -401.737 3.67028
36200 55.34 -401.393 3.66808
36300 55.41 -401.312 3.66641
36400 55.48 -401.179 3.66707
36500 55.55 -401.432 3.6655
36600 55.62 -401.651 3.66271
36700 55.69 -401.357 3.66328
36800 55.76 -401.846 3.66697
36900 55.83 -394.987 3.66753
37000 55.9 -401.915 3.66493
37100 55.97 -401.857 3.66688
37200 56.04 -401.976 3.66673
37300 56.11 -401.783 3.66491
37400 56.18 -401.489 3.66464
37500 56.25 -401.679 3.66423
37600 56.32 -401.873 3.66386
37700 56.39 -401.752 3.66539
37800 56.46 -401.684 3.66869
37900 56.53 -401.814 3.66408
38000 56.6 -401.625 3.66348
38100 56.67 -396.869 3.66466
38200 56.74 -399.504 3.66386
38300 56.81 -399.887 3.66506
38400 56.88 -400.074 3.66722
38500 56.95 -399.87 3.66957
38600 57.02 -400.189 3.67067
38700 57.09 -348.876 3.67008
38800 57.16 -400.04 3.66899
38900 57.23 -400.289 3.66957
39000 57.3 -400.388 3.66947
39100 57.37 -400.731 3.66932
39200 57.44 -400.549 3.67069
39300 57.51 -400.512 3.67033
39400 57.58 -393.147 3.66794
39500 57.65 -400.73 3.66846
39600 57.72 -392.29 3.66781
39700 57.79 -400.522 3.66614
39800 57.86 -400.718 3.66199
39900 57.93 -400.471 3.66441
40000 58 -400.577 3.6644
40100 58.07 -400.534 3.6657
40200 58.14 -400.519 3.6669
40300 58.21 -394.956 3.66575
40400 58.28 -400.268 3.6647
40500 58.35 -381.063 3.66584
40600 58.42 -400.427 3.66281
40700 58.49 -400.315 3.66483
40800 58.56 -400.526 3.66298
40900 58.63 -400.562 3.66531
41000 58.7 -400.646 3.66815
41100 58.77 -395.348 3.66947
41200 58.84 -400.877 3.67024
41300 58.91 -400.797 3.6674
41400 58.98 -400.654 3.66897
41500 59.05 -400.891 3.66894
41600 59.12 -400.796 3.67224
41700 59.19 -400.875 3.67352
41800 59.26 -400.725 3.67577
41900 59.33 -397.348 3.67374
42000 59.4 -400.956 3.67666
42100 59.47 -400.916 3.67521
42200 59.54 -396.188 3.6739
42300 59.61 -400.799 3.67142
42400 59.68 -400.854 3.67273
42500 59.75 -400.803 3.67271
42600 59.82 -393.278 3.67053
42700 59.89 -394.887 3.671
42800 59.96 -395.487 3.67042
42900 60.03 -400.464 3.66987
43000 60.1 -401.073 3.66774
43100 60.17 -400.895 3.66724
43200 60.24 -400.537 3.66782
43300 60.31 -400.95 3.66272
43400 60.38 -400.71 3.65928
43500 60.45 -400.85 3.66094
43600 60.52 -400.716 3.66155
43700 60.59 -400.663 3.66016
43800 60.66 -400.653 3.66194
43900 60.73 -400.778 3.66054
44000 60.8 -400.812 3.66058
44100 60.87 -400.693 3.66091
44200 60.94 -400.968 3.65843
44300 61.01 -400.761 3.65725
44400 61.08 -400.836 3.65525
44500 61.15 -399.751 3.65944
44600 61.22 -399.949 3.66074
44700 61.29 -400.356 3.66309
44800 61.36 -400.275 3.66128
44900 61.43 -400.303 3.65861
45000 61.5 -400.228 3.65917
45100 61.57 -400.432 3.66178
45200 61.64 -400.578 3.66408
45300 61.71 -400.509 3.66245
45400 61.78 -400.552 3.66328
45500 61.85 -400.293 3.66116
45600 61.92 -399.223 3.66454
45700 61.99 -400.739 3.66682
45800 62.06 -400.443 3.66707
45900 62.13 -393.353 3.66849
46000 62.2 -400.764 3.6677
46100 62.27 -393.868 3.66769
46200 62.34 -400.407 3.66845
46300 62.41 -400.263 3.67071
46400 62.48 -400.254 3.66855
46500 62.55 -400.672 3.66961
46600 62.62 -400.457 3.66946
46700 62.69 -400.497 3.66833
46800 62.76 -400.635 3.67003
46900 62.83 -400.667 3.66795
47000 62.9 -393.254 3.66581
47100 62.97 -400.683 3.66566
47200 63.04 -400.634 3.66342
47300 63.11 -400.658 3.66336
47400 63.18 -400.436 3.66549
47500 63.25 -400.697 3.66496
47600 63.32 -400.783 3.66256
47700 63.39 -400.796 3.66095
47800 63.46 -400.611 3.66218
47900 63.53 -400.828 3.6617
48000 63.6 -400.59 3.66232
48100 63.67 -396.675 3.66471
48200 63.74 -391.637 3.66645
48300 63.81 -400.7 3.66819
48400 63.88 -400.88 3.66837
48500 63.95 -400.75 3.66585
48600 64.02 -400.8 3.66757
48700 64.09 -400.87 3.66964
48800 64.16 -400.822 3.67379
48900 64.23 -399.676 3.67666
49000 64.3 -400.43 3.67751
49100 64.37 -400.563 3.67312
49200 64.44 -400.848 3.67034
49300 64.51 -400.847 3.67017
49400 64.58 -400.842 3.67024
49500 64.65 -400.787 3.66894
49600 64.72 -400.647 3.66713
49700 64.79 -400.634 3.66575
49800 64.86 -400.687 3.6665
49900 64.93 -400.615 3.66804
50000 65 -400.782 3.66831
50100 65.07 -400.763 3.6681
50200 65.14 -400.7 3.6694
50300 65.21 -400.824 3.66325
50400 65.28 -384.953 3.66366
50500 65.35 -401.121 3.66506
50600 65.42 -401.249 3.66555
50700 65.49 -401.52 3.66378
50800 65.56 -401.459 3.6687
50900 65.63 -401.607 3.66806
51000 65.7 -401.998 3.66784
51100 65.77 -401.993 3.6646
51200 65.84 -401.844 3.66693
51300 65.91 -401.939 3.66421
51400 65.98 -402.04 3.66044
51500 66.05 -401.844 3.66397
51600 66.12 -401.871 3.6633
51700 66.19 -401.722 3.66465
51800 66.26 -401.776 3.66322
51900 66.33 -401.961 3.66261
52000 66.4 -401.774 3.66299
52100 66.47 -401.859 3.66118
52200 66.54 -401.988 3.66246
52300 66.61 -402.074 3.66604
52400 66.68 -402.015 3.66412
52500 66.75 -401.906 3.66592
52600 66.82 -396.453 3.66509
52700 66.89 -399.794 3.66606
52800 66.96 -400.287 3.66642
52900 67.03 -400.44 3.66557
53000 67.1 -400.722 3.66459
53100 67.17 -401.803 3.66281
53200 67.24 -393.238 3.66263
53300 67.31 -402.483 3.66289
53400 67.38 -402.823 3.65933
53500 67.45 -402.716 3.6592
53600 67.52 -402.9 3.65682
53700 67.59 -403.125 3.6563
53800 67.66 -403.122 3.65275
53900 67.73 -403.282 3.65543
54000 67.8 -403.54 3.65362
54100 67.87 -403.371 3.6531
54200 67.94 -401.561 3.65631
54300 68.01 -403.651 3.65609
54400 68.08 -403.658 3.657
54500 68.15 -403.482 3.65609
54600 68.22 -403.558 3.65674
54700 68.29 -403.379 3.65297
54800 68.36 -403.362 3.65328
54900 68.43 -403.386 3.65205
55000 68.5 -403.438 3.65042
55100 68.57 -403.475 3.65114
55200 68.64 -403.576 3.65019
55300 68.71 -403.423 3.64895
55400 68.78 -403.484 3.64917
55500 68.85 -403.584 3.6495
55600 68.92 -403.447 3.6522
55700 68.99 -403.482 3.64785
55800 69.06 -403.563 3.64968
55900 69.13 -403.408 3.65089
56000 69.2 -403.521 3.6483
56100 69.27 -403.427 3.65192
56200 69.34 -403.503 3.65355
56300 69.41 -403.64 3.65123
56400 69.48 -403.363 3.65422
56500 69.55 -403.603 3.6517
56600 69.62 -403.434 3.64916
56700 69.69 -403.497 3.64785
56800 69.76 -403.499 3.64511
56900 69.83 -403.687 3.64708
57000 69.9 -403.471 3.64664
57100 69.97 -403.497 3.64663
57200 70.04 -403.785 3.64865
57300 70.11 -403.64 3.65072
57400 70.18 -403.412 3.65179
57500 70.25 -403.538 3.65311
57600 70.32 -403.496 3.65609
57700 70.39 -403.594 3.65746
57800 70.46 -403.641 3.6564
57900 70.53 -403.519 3.65843
58000 70.6 -403.876 3.66182
58100 70.67 -403.867 3.65892
58200 70.74 -404.06 3.65486
58300 70.81 -403.967 3.65282
58400 70.88 -403.764 3.65424
58500 70.95 -403.776 3.65554
58600 71.02 -403.815 3.6575
58700 71.09 -403.738 3.66065
58800 71.16 -403.643 3.66073
58900 71.23 -403.614 3.65954
59000 71.3 -403.852 3.659
59100 71.37 -400.678 3.65655
59200 71.44 -402.293 3.65735
59300 71.51 -402.459 3.65242
59400 71.58 -402.996 3.65199
59500 71.65 -402.971 3.65445
59600 71.72 -403.225 3.65739
59700 71.79 -403.249 3.65972
59800 71.86 -401.891 3.66141
59900 71.93 -402.524 3.66042
60000 72 -402.954 3.6568
60100 72.07 -401.56 3.65773
60200 72.14 -402.526 3.65609
60300 72.21 -402.948 3.65148
60400 72.28 -403.06 3.65111
60500 72.35 -403.128 3.6473
60600 72.42 -403.071 3.64766
60700 72.49 -403.044 3.64617
60800 72.56 -402.888 3.64278
60900 72.63 -402.687 3.64066
61000 72.7 -403.39 3.63815
61100 72.77 -403.38 3.6379
61200 72.84 -403.452 3.6382
61300 72.91 -403.525 3.64028
61400 72.98 -403.724 3.6371
61500 73.05 -403.766 3.63488
61600 73.12 -403.722 3.6371
61700 73.19 -403.747 3.63725
61800 73.26 -393.94 3.63599
61900 73.33 -403.513 3.63287
62000 73.4 -403.575 3.62944
62100 73.47 -403.636 3.62706
62200 73.54 -399.194 3.62599
62300 73.61 -402.463 3.62725
62400 73.68 -401.372 3.62828
62500 73.75 -403.026 3.62906
62600 73.82 -403.374 3.63225
62700 73.89 -403.668 3.63241
62800 73.96 -403.706 3.6334
62900 74.03 -403.843 3.63053
63000 74.1 -403.87 3.63175
63100 74.17 -403.874 3.63162
63200 74.24 -403.651 3.62974
63300 74.31 -403.505 3.63023
63400 74.38 -403.698 3.62731
63500 74.45 -403.572 3.63018
63600 74.52 -403.532 3.62869
63700 74.59 -398.917 3.6304
63800 74.66 -400.572 3.63194
63900 74.73 -402.696 3.63005
64000 74.8 -402.79 3.62837
64100 74.87 -402.861 3.63324
64200 74.94 -403.049 3.63078
64300 75.01 -401.808 3.63007
64400 75.08 -402.364 3.62907
64500 75.15 -402.74 3.62988
64600 75.22 -403.106 3.63171
64700 75.29 -403.028 3.63351
64800 75.36 -403.096 3.63296
64900 75.43 -403.122 3.63517
65000 75.5 -403.405 3.63556
65100 75.57 -403.407 3.63333
65200 75.64 -403.567 3.63563
65300 75.71 -403.82 3.63391
65400 75.78 -404.011 3.63355
65500 75.85 -403.934 3.63787
65600 75.92 -404.012 3.63512
65700 75.99 -403.832 3.63668
65800 76.06 -403.799 3.63708
65900 76.13 -403.903 3.63742
66000 76.2 -403.9 3.63696
66100 76.27 -403.96 3.63248
66200 76.34 -403.802 3.63186
66300 76.41 -403.98 3.63059
66400 76.48 -403.994 3.62879
66500 76.55 -403.964 3.63016
66600 76.62 -403.92 3.63007
66700 76.69 -403.873 3.63117
66800 76.76 -404.006 3.62975
66900 76.83 -403.923 3.62967
67000 76.9 -403.788 3.62952
67100 76.97 -403.877 3.63218
67200 77.04 -404.063 3.63114
67300 77.11 -403.629 3.63329
67400 77.18 -404.003 3.63326
67500 77.25 -403.984 3.63379
67600 77.32 -404.079 3.63289
67700 77.39 -404.106 3.63356
67800 77.46 -404.158 3.6351
67900 77.53 -403.995 3.63439
68000 77.6 -404.081 3.63522
68100 77.67 -403.94 3.63444
68200 77.74 -403.897 3.6352
68300 77.81 -403.973 3.63397
68400 77.88 -403.819 3.63511
68500 77.95 -401.68 3.63624
68600 78.02 -403.372 3.64
68700 78.09 -403.462 3.63644
68800 78.16 -403.338 3.63815
68900 78.23 -403.267 3.63508
69000 78.3 -403.379 3.63429
69100 78.37 -403.479 3.63397
69200 78.44 -403.682 3.63335
69300 78.51 -403.69 3.63414
69400 78.58 -403.693 3.63656
69500 78.65 -403.615 3.6369
69600 78.72 -403.816 3.6338
69700 78.79 -403.768 3.63272
69800 78.86 -403.854 3.63168
69900 78.93 -403.961 3.63125
70000 79 -403.842 3.63232
70100 79.07 -404.09 3.62977
70200 79.14 -404.064 3.6268
70300 79.21 -403.8 3.62694
70400 79.28 -403.863 3.6288
70500 79.35 -404.031 3.63062
70600 79.42 -402.434 3.62781
70700 79.49 -403.996 3.62619
70800 79.56 -403.66 3.62712
70900 79.63 -403.515 3.62796
71000 79.7 -403.856 3.63144
71100 79.77 -403.822 3.63032
71200 79.84 -403.829 3.63244
71300 79.91 -403.829 3.63292
71400 79.98 -400.248 3.6354
71500 80.05 -403.24 3.63736
71600 80.12 -403.724 3.63818
71700 80.19 -403.634 3.6396
71800 80.26 -403.679 3.63804
71900 80.33 -403.681 3.63472
72000 80.4 -403.687 3.62911
72100 80.47 -403.621 3.63007
72200 80.54 -403.897 3.62935
72300 80.61 -403.977 3.62811
72400 80.68 -403.992 3.63247
72500 80.75 -404.242 3.63561
72600 80.82 -404.065 3.63584
72700 80.89 -402.881 3.63513
72800 80.96 -403.955 3.63495
72900 81.03 -404.227 3.63653
73000 81.1 -404.419 3.63309
73100 81.17 -404.378 3.63267
73200 81.24 -404.408 3.62966
73300 81.31 -404.442 3.63164
73400 81.38 -397.385 3.6359
73500 81.45 -403.345 3.6353
73600 81.52 -403.687 3.63082
73700 81.59 -403.978 3.62895
73800 81.66 -403.969 3.62622
73900 81.73 -404.02 3.62441
74000 81.8 -404.233 3.62455
74100 81.87 -404.102 3.62327
74200 81.94 -404.037 3.62281
74300 82.01 -404.137 3.62074
74400 82.08 -404.204 3.62423
74500 82.15 -404.327 3.62776
74600 82.22 -402.06 3.63005
74700 82.29 -404.228 3.6308
74800 82.36 -404.334 3.63075
74900 82.43 -404.461 3.63252
75000 82.5 -404.501 3.63559
75100 82.57 -404.491 3.63667
75200 82.64 -404.523 3.63533
75300 82.71 -403.163 3.63425
75400 82.78 -404.22 3.63683
75500 82.85 -404.193 3.63387
75600 82.92 -403.968 3.63525
75700 82.99 -403.973 3.63377
75800 83.06 -404.296 3.63185
75900 83.13 -404.172 3.6362
76000 83.2 -404.18 3.63351
76100 83.27 -404.276 3.63142
76200 83.34 -404.313 3.62946
76300 83.41 -404.224 3.63013
76400 83.48 -404.378 3.63031
76500 83.55 -404.368 3.62983
76600 83.62 -404.384 3.63141
76700 83.69 -404.335 3.63247
76800 83.76 -404.573 3.63073
76900 83.83 -404.469 3.62995
77000 83.9 -403.385 3.62963
77100 83.97 -401.575 3.62757
77200 84.04 -403.219 3.62462
77300 84.11 -403.793 3.62757
77400 84.18 -404.089 3.62543
77500 84.25 -403.092 3.62433
77600 84.32 -404.227 3.62531
77700 84.39 -404.499 3.62796
77800 84.46 -404.572 3.6307
77900 84.53 -404.619 3.62697
78000 84.6 -404.61 3.62845
78100 84.67 -404.257 3.62697
78200 84.74 -404.616 3.62831
78300 84.81 -394.89 3.63208
78400 84.88 -399.657 3.63046
78500 84.95 -400.163 3.63083
78600 85.02 -402.569 3.62935
78700 85.09 -402.514 3.63122
78800 85.16 -402.59 3.62972
78900 85.23 -402.609 3.62868
79000 85.3 -402.589 3.62993
79100 85.37 -401.989 3.63159
79200 85.44 -402.529 3.63079
79300 85.51 -402.503 3.6334
79400 85.58 -402.507 3.63854
79500 85.65 -402.399 3.63936
79600 85.72 -402.323 3.63874
79700 85.79 -402.46 3.63889
79800 85.86 -402.304 3.63466
79900 85.93 -402.562 3.63121
80000 86 -402.654 3.63126
80100 86.07 -402.63 3.62991
80200 86.14 -402.647 3.62851
80300 86.21 -402.645 3.63051
80400 86.28 -402.559 3.62909
80500 86.35 -402.559 3.62674
80600 86.42 -402.629 3.63051
80700 86.49 -402.704 3.62989
80800 86.56 -402.83 3.63089
80900 86.63 -402.744 3.63246
81000 86.7 -402.963 3.63287
81100 86.77 -401.148 3.63676
81200 86.84 -402.737 3.63793
81300 86.91 -402.696 3.6389
81400 86.98 -402.557 3.63795
81500 87.05 -402.673 3.64046
81600 87.12 -402.531 3.63987
81700 87.19 -402.649 3.64339
81800 87.26 -402.54 3.64171
81900 87.33 -402.591 3.64063
82000 87.4 -402.657 3.63827
82100 87.47 -402.598 3.6368
82200 87.54 -402.657 3.63789
82300 87.61 -402.829 3.63777
82400 87.68 -402.798 3.63404
82500 87.75 -402.233 3.63088
82600 87.82 -402.553 3.63137
82700 87.89 -402.737 3.63069
82800 87.96 -402.814 3.63127
82900 88.03 -402.778 3.63205
83000 88.1 -402.868 3.62865
83100 88.17 -402.748 3.62829
83200 88.24 -402.781 3.62975
83300 88.31 -402.848 3.62685
83400 88.38 -402.705 3.62845
83500 88.45 -401.903 3.63016
83600 88.52 -402.378 3.6297
83700 88.59 -402.59 3.62898
83800 88.66 -401.506 3.62589
83900 88.73 -402.899 3.62926
84000 88.8 -402.758 3.6279
84100 88.87 -402.674 3.62682
84200 88.94 -403 3.62847
84300 89.01 -402.968 3.63427
84400 89.08 -403.061 3.63516
84500 89.15 -403.067 3.63603
84600 89.22 -402.812 3.63766
84700 89.29 -402.929 3.63968
84800 89.36 -402.845 3.64028
84900 89.43 -402.786 3.64025
85000 89.5 -403.018 3.64323
85100 89.57 -402.792 3.64625
85200 89.64 -402.692 3.64772
85300 89.71 -402.388 3.64798
85400 89.78 -402.72 3.64946
85500 89.85 -402.757 3.64894
85600 89.92 -402.82 3.6476
85700 89.99 -402.811 3.64436
85800 90.06 -402.652 3.64258
85900 90.13 -402.558 3.64092
86000 90.2 -402.639 3.64016
86100 90.27 -402.775 3.64282
86200 90.34 -402.925 3.64143
86300 90.41 -402.722 3.64544
86400 90.48 -402.824 3.64548
86500 90.55 -402.723 3.64375
86600 90.62 -402.852 3.64691
86700 90.69 -402.891 3.64572
86800 90.76 -402.791 3.64527
86900 90.83 -402.878 3.64686
87000 90.9 -402.838 3.6457
87100 90.97 -403.016 3.64477
87200 91.04 -402.825 3.64508
87300 91.11 -402.856 3.6439
87400 91.18 -402.996 3.64439
87500 91.25 -402.872 3.64393
87600 91.32 -403.002 3.64421
87700 91.39 -402.838 3.64174
87800 91.46 -402.872 3.64036
87900 91.53 -402.99 3.63815
88000 91.6 -402.843 3.63974
88100 91.67 -403.15 3.64077
88200 91.74 -403.023 3.63766
88300 91.81 -402.486 3.63849
88400 91.88 -402.781 3.64224
88500 91.95 -402.996 3.6379
88600 92.02 -402.895 3.64116
88700 92.09 -402.879 3.63731
88800 92.16 -402.875 3.63656
88900 92.23 -402.911 3.63858
89000 92.3 -402.882 3.63266
89100 92.37 -402.789 3.63489
89200 92.44 -402.696 3.63327
89300 92.51 -402.832 3.63107
89400 92.58 -402.965 3.63144
89500 92.65 -403.007 3.63505
89600 92.72 -402.941 3.63571
89700 92.79 -400.945 3.64086
89800 92.86 -401.256 3.64227
89900 92.93 -401.155 3.64461
90000 93 -400.571 3.6472
90100 93.07 -401.158 3.64938
90200 93.14 -401.043 3.65145
90300 93.21 -400.881 3.65149
90400 93.28 -401.015 3.65332
90500 93.35 -400.941 3.64968
90600 93.42 -401.015 3.65312
90700 93.49 -401.108 3.65207
90800 93.56 -401.078 3.65166
90900 93.63 -401.244 3.65224
91000 93.7 -401.165 3.65293
91100 93.77 -400.965 3.65623
91200 93.84 -401.225 3.65581
91300 93.91 -401.225 3.6563
91400 93.98 -401.094 3.65785
91500 94.05 -401.117 3.65978
91600 94.12 -401.327 3.66063
91700 94.19 -401.272 3.65992
91800 94.26 -400.981 3.66146
91900 94.33 -401.245 3.65973
92000 94.4 -401.26 3.65946
92100 94.47 -401.375 3.6583
92200 94.54 -401.207 3.6601
92300 94.61 -401.196 3.65922
92400 94.68 -400.867 3.66089
92500 94.75 -401.155 3.66196
92600 94.82 -401.087 3.65763
92700 94.89 -374.134 3.65745
92800 94.96 -400.954 3.65573
92900 95.03 -401.114 3.65924
93000 95.1 -401.081 3.66115
93100 95.17 -401.153 3.65903
93200 95.24 -401.125 3.65955
93300 95.31 -401.067 3.65848
93400 95.38 -401.13 3.65884
93500 95.45 -401.045 3.65918
93600 95.52 -401.095 3.66188
93700 95.59 -401.166 3.66574
93800 95.66 -399.494 3.66196
93900 95.73 -400.382 3.65998
94000 95.8 -400.912 3.65921
94100 95.87 -401.03 3.66133
94200 95.94 -401.032 3.66043
94300 96.01 -401.128 3.66249
94400 96.08 -401.2 3.66053
94500 96.15 -401.308 3.6591
94600 96.22 -401.425 3.66103
94700 96.29 -401.489 3.66009
94800 96.36 -401.394 3.65841
94900 96.43 -401.406 3.65917
95000 96.5 -401.239 3.66382
95100 96.57 -401.2 3.66236
95200 96.64 -399.51 3.65973
95300 96.71 -400.646 3.65876
95400 96.78 -400.833 3.65813
95500 96.85 -400.672 3.65743
95600 96.92 -400.923 3.65921
95700 96.99 -401.015 3.66182
95800 97.06 -400.997 3.66408
95900 97.13 -400.946 3.66331
96000 97.2 -400.857 3.66308
96100 97.27 -400.971 3.66318
96200 97.34 -400.781 3.66267
96300 97.41 -397.527 3.66525
96400 97.48 -398.358 3.66702
96500 97.55 -398.588 3.66592
96600 97.62 -398.838 3.66592
96700 97.69 -398.885 3.66786
96800 97.76 -398.905 3.66678
96900 97.83 -398.9 3.66699
97000 97.9 -398.904 3.6679
97100 97.97 -398.769 3.67221
97200 98.04 -399.099 3.6754
97300 98.11 -399.002 3.67431
97400 98.18 -398.991 3.67244
97500 98.25 -398.985 3.67171
97600 98.32 -398.772 3.67374
97700 98.39 -398.812 3.67115
97800 98.46 -391.474 3.66902
97900 98.53 -398.945 3.66746
98000 98.6 -400.722 3.66612
98100 98.67 -401.475 3.66662
98200 98.74 -401.725 3.66587
98300 98.81 -401.9 3.66573
98400 98.88 -401.959 3.66594
98500 98.95 -401.891 3.66397
98600 99.02 -402.087 3.66069
98700 99.09 -402.153 3.66119
98800 99.16 -402.246 3.65889
98900 99.23 -401.288 3.65885
99000 99.3 -401.94 3.66293
99100 99.37 -402.013 3.66533
99200 99.44 -402.285 3.66522
99300 99.51 -402.203 3.66583
99400 99.58 -402.324 3.6654
99500 99.65 -402.373 3.66659
99600 99.72 -402.385 3.66513
99700 99.79 -402.394 3.66708
99800 99.86 -402.522 3.66655
99900 99.93 -402.415 3.66607
100000 100 -402.048 3.669
