100 1.0001 2301.84 2.50471
200 1.0004 2176.88 2.50891
300 1.00089 2122.35 2.51116
400 1.00158 2044.74 2.51656
500 1.00248 2045.72 2.51963
600 1.00356 2024.32 2.52306
700 1.00485 2015.61 2.52458
800 1.00634 2001.02 2.52571
900 1.00802 2005.54 2.52876
1000 1.0099 1982.39 2.53157
1100 1.01198 1970.54 2.53527
1200 1.01426 1969.47 2.53753
1300 1.01673 1946.11 2.54184
1400 1.0194 1950.4 2.54305
1500 1.02228 1934.2 2.54492
1600 1.02534 1928.31 2.54692
1700 1.02861 1912.76 2.54796
1800 1.03208 1903.69 2.5534
1900 1.03574 1920.09 2.5573
2000 1.0396 1896.07 2.5591
2100 1.04366 1883.81 2.56326
2200 1.04792 1874.2 2.56625
2300 1.05237 1855.74 2.57043
2400 1.05702 1856.1 2.57227
2500 1.06188 1831.4 2.57363
2600 1.06692 1819.85 2.57671
2700 1.07217 1811.89 2.5793
2800 1.07762 1791.82 2.58237
2900 1.08326 1773.93 2.58571
3000 1.0891 1770.82 2.58937
3100 1.09514 1731.54 2.59444
3200 1.10138 1760.65 2.59892
3300 1.10781 1751.96 2.5999
3400 1.11444 1742.19 2.60348
3500 1.12128 1722.24 2.60532
3600 1.1283 1733.7 2.60836
3700 1.13553 1698.01 2.61266
3800 1.14296 1699.23 2.61442
3900 1.15058 1685.07 2.61755
4000 1.1584 1683.27 2.62173
4100 1.16642 1652.35 2.62521
4200 1.17464 1660.05 2.62836
4300 1.18305 1637.88 2.63053
4400 1.19166 1621.72 2.63226
4500 1.20047 1628.29 2.6352
4600 1.20948 1608.74 2.63857
4700 1.21869 1630.17 2.64316
4800 1.2281 1608.04 2.6453
4900 1.2377 1599.15 2.64884
5000 1.2475 1574.49 2.65245
5100 1.2575 1600.83 2.65467
5200 1.2677 1562.14 2.65964
5300 1.27809 1571.33 2.66397
5400 1.28868 1543.68 2.66611
5500 1.29947 1537.69 2.66855
5600 1.31046 1535.04 2.67137
5700 1.32165 1526.97 2.67561
5800 1.33304 1514.76 2.67791
5900 1.34462 1523.16 2.68003
6000 1.3564 1518.36 2.68106
6100 1.36838 1508.59 2.68113
6200 1.38056 1499.14 2.68254
6300 1.39293 1486.41 2.68518
6400 1.4055 1473.94 2.68923
6500 1.41827 1480.88 2.69203
6600 1.43124 1467.14 2.69647
6700 1.44441 1475.79 2.69868
6800 1.45778 1445.4 2.70261
6900 1.47134 1449.9 2.7052
7000 1.4851 1436.62 2.7094
7100 1.49906 1424.55 2.7104
7200 1.51322 1413.41 2.71585
7300 1.52757 1396.44 2.71829
7400 1.54212 1411.77 2.71958
7500 1.55688 1409.02 2.72309
7600 1.57182 1399.55 2.72703
7700 1.58697 1407.43 2.72891
7800 1.60232 1387.89 2.72965
7900 1.61786 1376.97 2.73354
8000 1.6336 1375.88 2.73627
8100 1.64954 1366.18 2.74338
8200 1.66568 1346.37 2.74639
8300 1.68201 1337.93 2.75082
8400 1.69854 1319.8 2.75548
8500 1.71528 1319.77 2.76134
8600 1.7322 1325.32 2.76373
8700 1.74933 1299.84 2.76835
8800 1.76666 1288.96 2.77314
8900 1.78418 1286.92 2.77546
9000 1.8019 1281.71 2.78035
9100 1.81982 1265.96 2.78492
9200 1.83794 1273.99 2.78761
9300 1.85625 1265.48 2.79145
9400 1.87476 1243.38 2.79359
9500 1.89348 1240.83 2.79867
9600 1.91238 1223.66 2.80479
9700 1.93149 1218.91 2.80692
9800 1.9508 1220.02 2.81083
9900 1.9703 1210.87 2.81317
10000 1.99 1200.67 2.8157
10100 2.0099 1200.17 2.8184
10200 2.03 1189.84 2.82176
10300 2.05029 1177.37 2.82677
10400 2.07078 1173.37 2.82953
10500 2.09147 1169.56 2.83245
10600 2.11236 1173.88 2.83777
10700 2.13345 1154.92 2.84215
10800 2.15474 1143.37 2.84769
10900 2.17622 1130.73 2.84945
11000 2.1979 1129.66 2.85385
11100 2.21978 1118.41 2.85624
11200 2.24186 1117.07 2.86031
11300 2.26413 1106.03 2.86399
11400 2.2866 1102.39 2.86819
11500 2.30927 1091.89 2.87411
11600 2.33214 1083.84 2.87778
11700 2.35521 1077.42 2.8815
11800 2.37848 1072.55 2.88551
11900 2.40194 1063.65 2.88843
12000 2.4256 1065.99 2.89331
12100 2.44946 1044.04 2.89703
12200 2.47352 1029.69 2.90244
12300 2.49777 1034.32 2.90803
12400 2.52222 1015.54 2.91336
12500 2.54688 1018.8 2.91568
12600 2.57172 1008.06 2.91905
12700 2.59677 999.902 2.92356
12800 2.62202 996.404 2.9271
12900 2.64746 989.439 2.93202
13000 2.6731 983.432 2.9361
13100 2.69894 979.685 2.94171
13200 2.72498 958.195 2.94465
13300 2.75121 959.41 2.95163
13400 2.77764 943.662 2.95575
13500 2.80428 940.681 2.96073
13600 2.8311 936.919 2.96378
13700 2.85813 920.381 2.96704
13800 2.88536 918.322 2.97056
13900 2.91278 906.757 2.97549
14000 2.9404 905.265 2.97885
14100 2.96822 902.128 2.98296
14200 2.99624 894.304 2.98937
14300 3.02445 884.346 2.99404
14400 3.05286 869.95 2.99854
14500 3.08147 857.146 3.00383
14600 3.11028 858.688 3.00762
14700 3.13929 855.781 3.01227
14800 3.1685 838.352 3.01838
14900 3.1979 831.272 3.02371
15000 3.2275 823.365 3.02952
15100 3.2573 815.511 3.03342
15200 3.2873 793.766 3.03727
15300 3.31749 803.928 3.04243
15400 3.34788 800.865 3.04675
15500 3.37848 794.876 3.05155
15600 3.40926 772.094 3.05787
15700 3.44025 779.875 3.06139
15800 3.47144 772.396 3.06335
15900 3.50282 769.023 3.06875
16000 3.5344 749.098 3.07243
16100 3.56618 741.36 3.07673
16200 3.59816 742.033 3.0822
16300 3.63033 731.794 3.0875
16400 3.6627 734.88 3.09231
16500 3.69528 722.966 3.09776
16600 3.72804 702.567 3.10458
16700 3.76101 714.766 3.1078
16800 3.79418 693.316 3.11186
16900 3.82754 686.58 3.11828
17000 3.8611 653.475 3.12029
17100 3.89486 680.424 3.12291
17200 3.92882 642.819 3.12803
17300 3.96297 638.916 3.13529
17400 3.99732 652.894 3.14341
17500 4.03187 602.731 3.14828
17600 4.06662 616.233 3.15605
17700 4.10157 624.014 3.15772
17800 4.13672 646.944 3.16028
17900 4.17206 612.127 3.16523
18000 4.2076 640.002 3.16945
18100 4.24334 572.129 3.17674
18200 4.27928 597.437 3.18095
18300 4.31541 571.204 3.18804
18400 4.35174 578.154 3.19564
18500 4.38828 595.58 3.19961
18600 4.425 550.03 3.20479
18700 4.46193 530.82 3.21149
18800 4.49906 540.014 3.21612
18900 4.53638 564.027 3.22279
19000 4.5739 548.723 3.22862
19100 4.61162 536.72 3.23227
19200 4.64954 505.642 3.23745
19300 4.68765 505.069 3.24383
19400 4.72596 458.518 3.25047
19500 4.76448 465.245 3.25695
19600 4.80318 461.795 3.26071
19700 4.84209 379.423 3.26381
19800 4.8812 382.945 3.26624
19900 4.9205 409.296 3.26904
20000 4.96 289.163 3.27344
20100 4.9997 302.195 3.27611
20200 5.0396 225.441 3.27984
20300 5.07969 352 3.28434
20400 5.11998 424.047 3.29091
20500 5.16047 449.577 3.29551
20600 5.20116 396.869 3.29955
20700 5.24205 391.501 3.30713
20800 5.28314 383.978 3.31239
20900 5.32442 313.772 3.31782
21000 5.3659 392.133 3.31994
21100 5.40758 285.228 3.32534
21200 5.44946 209.65 3.33041
21300 5.49153 142.711 3.33588
21400 5.5338 153.112 3.34279
21500 5.57627 182.4 3.34835
21600 5.61894 1.50599 3.35275
21700 5.66181 -135.865 3.35136
21800 5.70488 -97.1325 3.3525
21900 5.74814 -166.764 3.35674
22000 5.7916 -307.732 3.36024
22100 5.83526 -321.407 3.36339
22200 5.87912 -314.708 3.36661
22300 5.92317 -330.937 3.36923
22400 5.96742 -319.543 3.37015
22500 6.01188 -316.736 3.37283
22600 6.05652 -314.506 3.3781
22700 6.10137 -339.609 3.38
22800 6.14642 -315.78 3.38028
22900 6.19166 -329.493 3.38396
23000 6.2371 -301.212 3.38477
23100 6.28274 -330.321 3.38905
23200 6.32858 -344.515 3.39465
23300 6.37461 -329.982 3.39666
23400 6.42084 -361.699 3.39914
23500 6.46727 -373.702 3.39924
23600 6.5139 -388.432 3.39963
23700 6.56073 -380.593 3.40008
23800 6.60776 -365.937 3.40241
23900 6.65498 -381.73 3.40421
24000 6.7024 -381.284 3.40252
24100 6.75002 -381.949 3.40604
24200 6.79784 -384.448 3.41057
24300 6.84585 -382.08 3.41415
24400 6.89406 -378.962 3.41168
24500 6.94247 -384.916 3.41316
24600 6.99108 -385.292 3.41587
24700 7.03989 -391.198 3.41774
24800 7.0889 -391.862 3.41816
24900 7.1381 -392.003 3.42128
25000 7.1875 -392.079 3.42218
25100 7.2371 -392.312 3.42448
25200 7.2869 -389.718 3.4279
25300 7.33689 -379.908 3.4303
25400 7.38708 -392.833 3.43236
25500 7.43748 -394.163 3.43763
25600 7.48806 -393.388 3.43737
25700 7.53885 -393.835 3.43999
25800 7.58984 -392.219 3.43831
25900 7.64102 -395.4 3.44138
26000 7.6924 -392.633 3.43914
26100 7.74398 -394.009 3.43826
26200 7.79576 -392.374 3.43898
26300 7.84773 -392.371 3.4397
26400 7.8999 -393.998 3.43798
26500 7.95228 -386.044 3.44226
26600 8.00484 -392.608 3.44304
26700 8.05761 -386.79 3.44088
26800 8.11058 -395.536 3.44145
26900 8.16374 -394.996 3.44326
27000 8.2171 -386.972 3.44537
27100 8.27066 -395.252 3.44565
27200 8.32442 -393.402 3.44693
27300 8.37837 -386.613 3.4459
27400 8.43252 -387.771 3.44432
27500 8.48688 -395.996 3.44587
27600 8.54142 -394.904 3.44752
27700 8.59617 -395.901 3.44801
27800 8.65112 -393.565 3.4486
27900 8.70626 -396.293 3.44919
28000 8.7616 -395.063 3.45163
28100 8.81714 -395.528 3.4522
28200 8.87288 -396.178 3.45477
28300 8.92881 -385.461 3.45658
28400 8.98494 -385.289 3.45576
28500 9.04127 -387.156 3.45705
28600 9.0978 -386.911 3.45815
28700 9.15453 -386.971 3.45937
28800 9.21146 -397.457 3.45883
28900 9.26858 -396.967 3.45862
29000 9.3259 -383.708 3.45752
29100 9.38342 -396.024 3.45773
29200 9.44114 -395.097 3.46091
29300 9.49905 -397.223 3.46468
29400 9.55716 -396.244 3.46585
29500 9.61547 -397.332 3.46881
29600 9.67398 -385.099 3.46765
29700 9.73269 -388.412 3.46692
29800 9.7916 -389.589 3.46449
29900 9.8507 -389.357 3.46476
30000 9.91 -395.672 3.46486
30100 9.9695 -396.92 3.46538
30200 10.0292 -397.04 3.46662
30300 10.0891 -399.219 3.46567
30400 10.1492 -399.268 3.47233
30500 10.2095 -399.8 3.47171
30600 10.27 -398.957 3.47308
30700 10.3307 -399.257 3.47348
30800 10.3915 -398.343 3.47133
30900 10.4526 -400.033 3.4751
31000 10.5139 -398.834 3.47724
31100 10.5754 -399.471 3.47501
31200 10.6371 -398.095 3.47843
31300 10.6989 -399.992 3.4825
31400 10.761 -398.79 3.48519
31500 10.8233 -399.803 3.48519
31600 10.8857 -399.663 3.48584
31700 10.9484 -398.981 3.48539
31800 11.0113 -398.671 3.48732
31900 11.0743 -396.586 3.48714
32000 11.1376 -381.346 3.49008
32100 11.2011 -399.289 3.49128
32200 11.2647 -399.737 3.4932
32300 11.3286 -398.697 3.49505
32400 11.3926 -400.589 3.49651
32500 11.4569 -399.791 3.49802
32600 11.5213 -399.995 3.49879
32700 11.586 -399.895 3.49914
32800 11.6508 -400.536 3.49844
32900 11.7159 -400.222 3.49951
33000 11.7811 -399.398 3.5013
33100 11.8465 -400.172 3.50189
33200 11.9122 -399.945 3.50435
33300 11.978 -400.5 3.50641
33400 12.044 -401.173 3.50704
33500 12.1103 -399.981 3.50771
33600 12.1767 -400.093 3.5116
33700 12.2433 -400.756 3.51307
33800 12.3102 -400.021 3.51512
33900 12.3772 -400.433 3.51719
34000 12.4444 -401.361 3.51803
34100 12.5118 -401.612 3.52046
34200 12.5794 -400.719 3.5229
34300 12.6473 -400.961 3.52629
34400 12.7153 -400.962 3.52987
34500 12.7835 -401.737 3.53041
34600 12.8519 -400.877 3.5306
34700 12.9205 -400.945 3.5355
34800 12.9893 -400.912 3.53494
34900 13.0583 -401.593 3.53445
35000 13.1275 -400.977 3.53643
35100 13.1969 -401.537 3.53907
35200 13.2665 -401.689 3.53762
35300 13.3363 -401.425 3.53818
35400 13.4063 -401.017 3.54073
35500 13.4765 -401.648 3.54158
35600 13.5469 -402.069 3.5431
35700 13.6175 -401.804 3.5449
35800 13.6882 -402.029 3.55125
35900 13.7592 -402.068 3.55702
36000 13.8304 -402.564 3.5576
36100 13.9018 -402.593 3.55696
36200 13.9734 -401.414 3.557
36300 14.0451 -401.375 3.56192
36400 14.1171 -401.689 3.5677
36500 14.1893 -403.023 3.57053
36600 14.2616 -400.678 3.57094
36700 14.3342 -401.226 3.5759
36800 14.407 -402.077 3.57566
36900 14.4799 -401.787 3.57824
37000 14.5531 -402.486 3.57839
37100 14.6265 -400.931 3.5808
37200 14.7 -402.751 3.58336
37300 14.7738 -403.65 3.5818
37400 14.8477 -402.14 3.58427
37500 14.9219 -401.966 3.58128
37600 14.9962 -401.489 3.58095
37700 15.0708 -403.367 3.582
37800 15.1455 -401.766 3.58207
37900 15.2205 -403.027 3.58379
38000 15.2956 -402.421 3.58494
38100 15.3709 -403.355 3.58435
38200 15.4465 -403.774 3.58436
38300 15.5222 -386.15 3.58778
38400 15.5981 -402.257 3.58971
38500 15.6743 -402.394 3.58792
38600 15.7506 -403.241 3.58968
38700 15.8271 -402.705 3.59029
38800 15.9039 -403.162 3.58843
38900 15.9808 -402.841 3.58713
39000 16.0579 -402.932 3.58585
39100 16.1352 -403.369 3.58638
39200 16.2127 -403.591 3.59074
39300 16.2905 -403.266 3.59085
39400 16.3684 -403.393 3.59248
39500 16.4465 -402.683 3.58948
39600 16.5248 -402.663 3.58969
39700 16.6033 -403.331 3.58527
39800 16.682 -403.186 3.58767
39900 16.7609 -403.171 3.58801
40000 16.84 -402.723 3.58424
40100 16.9193 -403.095 3.58418
40200 16.9988 -402.639 3.58711
40300 17.0785 -402.411 3.58883
40400 17.1584 -402.881 3.58528
40500 17.2385 -403.708 3.58619
40600 17.3188 -403.605 3.58371
40700 17.3993 -403.637 3.58549
40800 17.4799 -402.587 3.58754
40900 17.5608 -402.954 3.58674
41000 17.6419 -402.524 3.58745
41100 17.7232 -403.497 3.5858
41200 17.8047 -403.33 3.58914
41300 17.8863 -400.756 3.58816
41400 17.9682 -401.88 3.59004
41500 18.0503 -402.098 3.59206
41600 18.1325 -401.384 3.59244
41700 18.215 -401.25 3.59226
41800 18.2977 -401.041 3.59411
41900 18.3805 -401.808 3.59391
42000 18.4636 -402.13 3.59362
42100 18.5469 -401.71 3.59617
42200 18.6303 -401.685 3.60252
42300 18.714 -402.038 3.60367
42400 18.7978 -401.861 3.60415
42500 18.8819 -402.078 3.6062
42600 18.9661 -402.563 3.60815
42700 19.0506 -402.031 3.6114
42800 19.1352 -401.888 3.61122
42900 19.2201 -401.561 3.60972
43000 19.3051 -401.278 3.60955
43100 19.3903 -400.988 3.60865
43200 19.4758 -402.072 3.60832
43300 19.5614 -389.474 3.61096
43400 19.6472 -391.086 3.61198
43500 19.7333 -395.096 3.61201
43600 19.8195 -396.448 3.61114
43700 19.9059 -399.664 3.61663
43800 19.9926 -399.861 3.61718
43900 20.0794 -400.121 3.61773
44000 20.1664 -400.798 3.61922
44100 20.2536 -399.29 3.62336
44200 20.341 -400.719 3.6265
44300 20.4287 -400.694 3.62928
44400 20.5165 -401.902 3.62688
44500 20.6045 -401.79 3.62468
44600 20.6927 -401.85 3.62254
44700 20.7811 -401.842 3.61925
44800 20.8697 -402.484 3.61389
44900 20.9585 -402.318 3.61594
45000 21.0475 -402.374 3.61542
45100 21.1367 -402.149 3.6178
45200 21.2261 -402.955 3.61989
45300 21.3157 -402.41 3.6185
45400 21.4055 -402.957 3.62036
45500 21.4955 -402.982 3.61785
45600 21.5857 -402.954 3.6194
45700 21.6761 -402.802 3.62045
45800 21.7666 -402.845 3.62087
45900 21.8574 -403.217 3.62225
46000 21.9484 -403.012 3.62077
46100 22.0396 -403.366 3.62363
46200 22.131 -403.276 3.62044
46300 22.2225 -402.737 3.61856
46400 22.3143 -402.888 3.61641
46500 22.4063 -402.131 3.6142
46600 22.4984 -402.91 3.61212
46700 22.5908 -403.336 3.61007
46800 22.6834 -402.726 3.61235
46900 22.7761 -402.805 3.61293
47000 22.8691 -403.29 3.6106
47100 22.9623 -402.881 3.60948
47200 23.0556 -403.567 3.61317
47300 23.1492 -402.906 3.61343
47400 23.2429 -402.392 3.61081
47500 23.3369 -403.322 3.61165
47600 23.431 -403.05 3.60953
47700 23.5254 -403.295 3.60894
47800 23.6199 -403.176 3.60767
47900 23.7147 -403.022 3.60756
48000 23.8096 -402.753 3.60755
48100 23.9047 -403.556 3.60751
48200 24.0001 -402.558 3.60778
48300 24.0956 -402.885 3.60413
48400 24.1913 -402.111 3.60178
48500 24.2873 -402.678 3.59814
48600 24.3834 -403.146 3.60117
48700 24.4797 -403.595 3.6028
48800 24.5763 -403.518 3.60661
48900 24.673 -403.199 3.60714
49000 24.7699 -403.396 3.61101
49100 24.867 -403.275 3.61036
49200 24.9643 -403.219 3.61338
49300 25.0619 -403.557 3.61028
49400 25.1596 -402.96 3.6118
49500 25.2575 -402.814 3.60974
49600 25.3556 -403.325 3.61245
49700 25.4539 -403.754 3.61222
49800 25.5524 -390.225 3.61255
49900 25.6511 -404.942 3.61097
50000 25.75 -405.415 3.61049
50100 25.8491 -405.567 3.60971
50200 25.9484 -406.197 3.61125
50300 26.0479 -405.811 3.60835
50400 26.1476 -406.32 3.6054
50500 26.2475 -406.508 3.60632
50600 26.3476 -406.052 3.60508
50700 26.4479 -405.771 3.60381
50800 26.5483 -405.395 3.60245
50900 26.649 -405.873 3.6009
51000 26.7499 -405.322 3.60109
51100 26.851 -405.762 3.60024
51200 26.9523 -405.629 3.59789
51300 27.0537 -405.8 3.59894
51400 27.1554 -406.413 3.59833
51500 27.2573 -405.809 3.60009
51600 27.3593 -405.756 3.59678
51700 27.4616 -405.785 3.59652
51800 27.5641 -404.381 3.59925
51900 27.6667 -404.38 3.59634
52000 27.7696 -404.287 3.59707
52100 27.8727 -404.632 3.60006
52200 27.9759 -404.63 3.59915
52300 28.0794 -404.371 3.59685
52400 28.183 -404.397 3.60157
52500 28.2869 -404.187 3.60198
52600 28.3909 -404.784 3.60237
52700 28.4952 -404.618 3.60236
52800 28.5996 -405.854 3.60264
52900 28.7043 -406.531 3.60187
53000 28.8091 -406.122 3.60059
53100 28.9141 -406.462 3.60195
53200 29.0194 -406.545 3.60193
53300 29.1248 -406.721 3.60283
53400 29.2304 -405.811 3.60555
53500 29.3363 -406.218 3.60435
53600 29.4423 -406.079 3.60203
53700 29.5485 -406.195 3.59903
53800 29.655 -406.366 3.60061
53900 29.7616 -406.257 3.59845
54000 29.8684 -406.578 3.59792
54100 29.9754 -404.386 3.60031
54200 30.0826 -405.304 3.60118
54300 30.1901 -406.064 3.6003
54400 30.2977 -406.27 3.60125
54500 30.4055 -406.613 3.59787
54600 30.5135 -406.181 3.59932
54700 30.6217 -406.101 3.60335
54800 30.7301 -405.722 3.60597
54900 30.8387 -406.206 3.60753
55000 30.9475 -406.696 3.60305
55100 31.0565 -406.806 3.6029
55200 31.1657 -406.693 3.60237
55300 31.2751 -406.535 3.60214
55400 31.3847 -406.316 3.60206
55500 31.4945 -406.23 3.60079
55600 31.6045 -406.138 3.60409
55700 31.7147 -406.754 3.60202
55800 31.825 -406.797 3.59956
55900 31.9356 -406.337 3.59892
56000 32.0464 -406.004 3.59618
56100 32.1574 -406.825 3.59707
56200 32.2686 -406.503 3.59737
56300 32.3799 -405.963 3.59485
56400 32.4915 -407.05 3.59428
56500 32.6033 -406.073 3.5961
56600 32.7152 -406.292 3.59603
56700 32.8274 -406.023 3.5928
56800 32.9398 -406.543 3.59054
56900 33.0523 -406.351 3.58935
57000 33.1651 -406.17 3.58894
57100 33.2781 -405.845 3.59055
57200 33.3912 -406.162 3.59328
57300 33.5046 -406.449 3.59338
57400 33.6181 -406.48 3.59417
57500 33.7319 -405.831 3.59238
57600 33.8458 -406.189 3.5944
57700 33.96 -406.129 3.59218
57800 34.0743 -406.332 3.59411
57900 34.1889 -406.227 3.59993
58000 34.3036 -405.973 3.60082
58100 34.4185 -406.371 3.59723
58200 34.5337 -406.572 3.59738
58300 34.649 -406.526 3.5973
58400 34.7645 -406.159 3.5969
58500 34.8803 -406.501 3.59479
58600 34.9962 -406.514 3.59327
58700 35.1123 -406.345 3.59532
58800 35.2287 -406.676 3.59593
58900 35.3452 -406.549 3.59881
59000 35.4619 -406.544 3.59741
59100 35.5788 -406.406 3.59635
59200 35.6959 -406.63 3.59812
59300 35.8133 -406.634 3.60005
59400 35.9308 -406.771 3.60107
59500 36.0485 -406.665 3.60314
59600 36.1664 -406.636 3.6026
59700 36.2845 -406.497 3.60214
59800 36.4028 -406.106 3.60084
59900 36.5213 -406.664 3.60109
60000 36.64 -406.604 3.60058
60100 36.7589 -405.581 3.60256
60200 36.878 -405.806 3.60245
60300 36.9973 -406.468 3.60275
60400 37.1168 -406.433 3.60459
60500 37.2365 -406.542 3.60304
60600 37.3564 -406.804 3.60386
60700 37.4765 -406.67 3.6022
60800 37.5967 -407.066 3.60158
60900 37.7172 -406.751 3.60007
61000 37.8379 -406.584 3.59759
61100 37.9588 -406.649 3.59335
61200 38.0799 -406.391 3.59346
61300 38.2011 -406.538 3.59475
61400 38.3226 -406.845 3.59853
61500 38.4443 -406.322 3.59777
61600 38.5661 -406.434 3.59636
61700 38.6882 -406.56 3.59816
61800 38.8105 -406.472 3.59771
61900 38.9329 -406.155 3.59642
62000 39.0556 -406.406 3.59516
62100 39.1785 -406.508 3.59975
62200 39.3015 -406.573 3.60205
62300 39.4248 -406.663 3.60264
62400 39.5482 -406.396 3.60519
62500 39.6719 -406.549 3.60737
62600 39.7957 -406.369 3.60463
62700 39.9198 -406.476 3.60278
62800 40.044 -407.004 3.60183
62900 40.1685 -407.152 3.60367
63000 40.2931 -406.671 3.59962
63100 40.4179 -407.09 3.59995
63200 40.543 -406.906 3.60157
63300 40.6682 -406.773 3.60017
63400 40.7936 -407.058 3.60087
63500 40.9193 -407.023 3.59886
63600 41.0451 -406.513 3.60103
63700 41.1711 -406.582 3.60304
63800 41.2974 -406.703 3.6043
63900 41.4238 -406.587 3.60384
64000 41.5504 -407.126 3.6056
64100 41.6772 -407.074 3.60801
64200 41.8042 -406.793 3.60723
64300 41.9315 -406.764 3.60549
64400 42.0589 -406.483 3.60649
64500 42.1865 -406.237 3.60919
64600 42.3143 -406.561 3.61225
64700 42.4423 -407.272 3.61144
64800 42.5705 -406.08 3.61074
64900 42.6989 -406.898 3.61122
65000 42.8275 -406.728 3.608
65100 42.9563 -406.962 3.60744
65200 43.0853 -407.199 3.60711
65300 43.2145 -406.712 3.60922
65400 43.3439 -407.229 3.60784
65500 43.4735 -407.053 3.60941
65600 43.6033 -407.238 3.60752
65700 43.7333 -406.804 3.60895
65800 43.8634 -406.893 3.60519
65900 43.9938 -406.952 3.60555
66000 44.1244 -407.348 3.60939
66100 44.2552 -407.034 3.60938
66200 44.3862 -406.988 3.61165
66300 44.5173 -406.534 3.61348
66400 44.6487 -406.677 3.61575
66500 44.7803 -406.872 3.6144
66600 44.912 -407.025 3.61021
66700 45.044 -407.014 3.61386
66800 45.1762 -406.789 3.61342
66900 45.3085 -406.925 3.60985
67000 45.4411 -407.066 3.60798
67100 45.5739 -406.343 3.608
67200 45.7068 -407.149 3.60965
67300 45.84 -407.202 3.6078
67400 45.9733 -407.007 3.60625
67500 46.1069 -407.147 3.60569
67600 46.2406 -406.809 3.60334
67700 46.3746 -407.09 3.60246
67800 46.5087 -406.613 3.60081
67900 46.6431 -406.968 3.60431
68000 46.7776 -406.582 3.608
68100 46.9123 -406.79 3.61057
68200 47.0473 -406.87 3.61221
68300 47.1824 -406.717 3.61178
68400 47.3177 -406.811 3.61226
68500 47.4533 -406.947 3.6115
68600 47.589 -407.173 3.61052
68700 47.7249 -407.13 3.61332
68800 47.8611 -406.988 3.615
68900 47.9974 -406.932 3.61197
69000 48.1339 -407.214 3.61332
69100 48.2706 -407.1 3.61579
69200 48.4075 -406.848 3.61386
69300 48.5447 -406.942 3.61714
69400 48.682 -406.733 3.61937
69500 48.8195 -407.002 3.61917
69600 48.9572 -407.18 3.62104
69700 49.0951 -406.882 3.61996
69800 49.2332 -406.79 3.62196
69900 49.3715 -406.688 3.61971
70000 49.51 -406.905 3.61943
70100 49.6487 -407.03 3.61879
70200 49.7876 -406.796 3.61749
70300 49.9267 -407.158 3.61859
70400 50.066 -406.322 3.62051
70500 50.2055 -407.366 3.61751
70600 50.3452 -407.351 3.62053
70700 50.4851 -407.207 3.61857
70800 50.6251 -407.08 3.61861
70900 50.7654 -406.92 3.61741
71000 50.9059 -406.448 3.6176
71100 51.0466 -406.983 3.61683
71200 51.1875 -406.163 3.61954
71300 51.3285 -393.952 3.6218
71400 51.4698 -403.854 3.62277
71500 51.6113 -406.673 3.62196
71600 51.7529 -407.259 3.62445
71700 51.8948 -407.113 3.62387
71800 52.0369 -406.912 3.61989
71900 52.1791 -407.168 3.61954
72000 52.3216 -406.831 3.62203
72100 52.4643 -407.267 3.6231
72200 52.6071 -407.289 3.62309
72300 52.7502 -407.282 3.61975
72400 52.8934 -407.153 3.6233
72500 53.0369 -406.961 3.6234
72600 53.1805 -407.201 3.62594
72700 53.3244 -407.052 3.62303
72800 53.4684 -406.878 3.62305
72900 53.6127 -406.884 3.62171
73000 53.7571 -407.279 3.62153
73100 53.9017 -407.039 3.62144
73200 54.0466 -407.027 3.61978
73300 54.1916 -407.117 3.61785
73400 54.3368 -407.26 3.61924
73500 54.4823 -407.299 3.62023
73600 54.6279 -407.185 3.62045
73700 54.7737 -407.115 3.62362
73800 54.9198 -406.629 3.62012
73900 55.066 -406.901 3.62261
74000 55.2124 -407.088 3.6201
74100 55.359 -407.251 3.61832
74200 55.5058 -407.429 3.61898
74300 55.6529 -407.146 3.61453
74400 55.8001 -407.17 3.6126
74500 55.9475 -407.215 3.61348
74600 56.0951 -407.234 3.61568
74700 56.2429 -407.535 3.61686
74800 56.3909 -407.175 3.61784
74900 56.5391 -407.101 3.61884
75000 56.6875 -407.443 3.61904
75100 56.8361 -407.258 3.61692
75200 56.9849 -407.104 3.61785
75300 57.1339 -407.316 3.61757
75400 57.2831 -407.202 3.61522
75500 57.4325 -407.053 3.61682
75600 57.5821 -406.994 3.61652
75700 57.7319 -406.98 3.61423
75800 57.8818 -407.01 3.61408
75900 58.032 -407.075 3.61329
76000 58.1824 -407.319 3.61403
76100 58.333 -407.088 3.61229
76200 58.4838 -407.218 3.61464
76300 58.6347 -407.234 3.6153
76400 58.7859 -407.514 3.6136
76500 58.9373 -407.534 3.60891
76600 59.0888 -407.327 3.60711
76700 59.2406 -407.117 3.60806
76800 59.3926 -407.417 3.61087
76900 59.5447 -407.513 3.61261
77000 59.6971 -407.364 3.6113
77100 59.8497 -407.569 3.61233
77200 60.0024 -407.423 3.61343
77300 60.1554 -407.262 3.61185
77400 60.3085 -407.625 3.60875
77500 60.4619 -407.508 3.60834
77600 60.6154 -407.405 3.60767
77700 60.7692 -407.415 3.60465
77800 60.9231 -407.132 3.60626
77900 61.0773 -406.876 3.60947
78000 61.2316 -407.16 3.6131
78100 61.3861 -407.298 3.61035
78200 61.5409 -407.481 3.60981
78300 61.6958 -407.601 3.60803
78400 61.8509 -407.13 3.60834
78500 62.0063 -406.993 3.60994
78600 62.1618 -407.099 3.60839
78700 62.3175 -407.275 3.60534
78800 62.4735 -406.666 3.60419
78900 62.6296 -407.354 3.60855
79000 62.7859 -407.41 3.60731
79100 62.9424 -407.425 3.60853
79200 63.0991 -407.263 3.60808
79300 63.2561 -407.226 3.60946
79400 63.4132 -407.376 3.61019
79500 63.5705 -407.246 3.60851
79600 63.728 -407.203 3.61101
79700 63.8857 -407.114 3.6141
79800 64.0436 -404.723 3.61532
79900 64.2017 -406.898 3.61452
80000 64.36 -407.211 3.61077
80100 64.5185 -407.121 3.61209
80200 64.6772 -407.332 3.60672
80300 64.8361 -407.203 3.60488
80400 64.9952 -407.401 3.60757
80500 65.1545 -407.359 3.60676
80600 65.314 -407.424 3.60933
80700 65.4737 -407.584 3.60686
80800 65.6335 -407.499 3.60614
80900 65.7936 -407.656 3.60397
81000 65.9539 -407.681 3.60272
81100 66.1144 -407.209 3.60545
81200 66.2751 -407.455 3.60451
81300 66.4359 -407.129 3.60694
81400 66.597 -407.271 3.60506
81500 66.7583 -407.409 3.60565
81600 66.9197 -407.577 3.60662
81700 67.0814 -407.47 3.60535
81800 67.2433 -407.409 3.60931
81900 67.4053 -407.29 3.60742
82000 67.5676 -407.378 3.60713
82100 67.7301 -407.46 3.60494
82200 67.8927 -407.537 3.60388
82300 68.0556 -407.334 3.60261
82400 68.2186 -407.086 3.60136
82500 68.3819 -407.353 3.60648
82600 68.5453 -407.21 3.60584
82700 68.709 -407.089 3.604
82800 68.8728 -407.246 3.60485
82900 69.0369 -407.553 3.60493
83000 69.2011 -407.375 3.60507
83100 69.3655 -407.431 3.60192
83200 69.5302 -407.514 3.60078
83300 69.695 -407.438 3.60448
83400 69.86 -407.263 3.60371
83500 70.0253 -407.222 3.60281
83600 70.1907 -407.357 3.60141
83700 70.3563 -407.143 3.5999
83800 70.5222 -407.033 3.60052
83900 70.6882 -407.318 3.60014
84000 70.8544 -407.276 3.59998
84100 71.0208 -407.319 3.59977
84200 71.1874 -407.282 3.59624
84300 71.3543 -407.246 3.59764
84400 71.5213 -407.287 3.5996
84500 71.6885 -407.465 3.60194
84600 71.8559 -407.528 3.60021
84700 72.0235 -407.463 3.60157
84800 72.1913 -407.607 3.6015
84900 72.3593 -407.48 3.60337
85000 72.5275 -407.52 3.60506
85100 72.6959 -407.377 3.60434
85200 72.8645 -407.411 3.605
85300 73.0333 -407.567 3.60778
85400 73.2023 -407.647 3.60539
85500 73.3715 -407.523 3.60831
85600 73.5409 -407.342 3.60956
85700 73.7105 -407.15 3.61046
85800 73.8802 -407.63 3.61267
85900 74.0502 -407.39 3.61096
86000 74.2204 -407.312 3.61119
86100 74.3908 -407.413 3.61287
86200 74.5614 -407.195 3.61145
86300 74.7321 -407.429 3.61041
86400 74.9031 -407.512 3.60916
86500 75.0743 -407.436 3.61015
86600 75.2456 -407.337 3.61038
86700 75.4172 -407.643 3.6092
86800 75.589 -407.463 3.60672
86900 75.7609 -407.31 3.60729
87000 75.9331 -407.386 3.60973
87100 76.1055 -407.609 3.60798
87200 76.278 -407.571 3.60983
87300 76.4508 -407.473 3.60755
87400 76.6237 -407.691 3.60916
87500 76.7969 -407.434 3.61192
87600 76.9702 -407.515 3.61317
87700 77.1438 -407.051 3.61433
87800 77.3175 -407.452 3.61703
87900 77.4915 -407.384 3.61565
88000 77.6656 -407.339 3.61262
88100 77.8399 -407.425 3.61677
88200 78.0145 -407.436 3.6178
88300 78.1892 -407.341 3.61728
88400 78.3641 -407.468 3.61825
88500 78.5393 -407.538 3.61996
88600 78.7146 -407.377 3.61969
88700 78.8901 -407.238 3.61714
88800 79.0659 -407.411 3.61989
88900 79.2418 -407.594 3.61937
89000 79.4179 -407.387 3.62085
89100 79.5942 -407.536 3.62129
89200 79.7707 -407.496 3.62102
89300 79.9475 -407.204 3.62135
89400 80.1244 -406.524 3.62225
89500 80.3015 -406.891 3.61846
89600 80.4788 -407.45 3.61692
89700 80.6563 -407.366 3.62091
89800 80.834 -407.484 3.61736
89900 81.0119 -407.473 3.61423
90000 81.19 -407.331 3.61398
90100 81.3683 -407.534 3.61215
90200 81.5468 -407.351 3.61103
90300 81.7255 -407.634 3.61032
90400 81.9044 -407.625 3.60935
90500 82.0835 -407.382 3.60937
90600 82.2628 -407.349 3.61162
90700 82.4423 -407.493 3.61557
90800 82.6219 -407.52 3.61746
90900 82.8018 -407.438 3.61771
91000 82.9819 -407.37 3.6162
91100 83.1622 -407.47 3.61431
91200 83.3427 -407.806 3.61264
91300 83.5233 -407.359 3.61108
91400 83.7042 -407.594 3.61033
91500 83.8853 -406.797 3.60619
91600 84.0665 -407.154 3.60717
91700 84.248 -407.048 3.60566
91800 84.4297 -407.32 3.6046
91900 84.6115 -407.325 3.60771
92000 84.7936 -407.081 3.61053
92100 84.9759 -407.531 3.61348
92200 85.1583 -407.538 3.61372
92300 85.341 -407.646 3.61366
92400 85.5238 -407.406 3.61301
92500 85.7069 -406.025 3.61391
92600 85.8901 -404.049 3.61597
92700 86.0736 -406.996 3.61644
92800 86.2572 -407.215 3.61763
92900 86.4411 -407.173 3.6167
93000 86.6251 -407.258 3.61913
93100 86.8093 -407.379 3.61737
93200 86.9938 -407.375 3.61822
93300 87.1784 -407.554 3.61986
93400 87.3632 -407.363 3.62125
93500 87.5483 -407.417 3.62086
93600 87.7335 -407.526 3.61917
93700 87.9189 -407.375 3.62136
93800 88.1046 -407.402 3.62179
93900 88.2904 -407.535 3.62264
94000 88.4764 -407.251 3.62089
94100 88.6626 -407.442 3.62295
94200 88.849 -407.427 3.61979
94300 89.0357 -407.489 3.62137
94400 89.2225 -407.34 3.62193
94500 89.4095 -407.255 3.62308
94600 89.5967 -407.337 3.61997
94700 89.7841 -407.565 3.61558
94800 89.9717 -407.546 3.61578
94900 90.1595 -407.407 3.61816
95000 90.3475 -407.569 3.61788
95100 90.5357 -407.5 3.62177
95200 90.7241 -407.63 3.619
95300 90.9127 -407.674 3.61823
95400 91.1015 -407.666 3.61726
95500 91.2905 -407.654 3.61944
95600 91.4797 -407.801 3.62062
95700 91.6691 -407.503 3.62179
95800 91.8586 -407.704 3.61971
95900 92.0484 -407.65 3.62053
96000 92.2384 -407.682 3.61804
96100 92.4286 -407.606 3.61405
96200 92.619 -407.643 3.61347
96300 92.8095 -407.573 3.6121
96400 93.0003 -407.537 3.61117
96500 93.1913 -407.367 3.61254
96600 93.3824 -407.564 3.61367
96700 93.5738 -407.532 3.61404
96800 93.7654 -407.699 3.61256
96900 93.9571 -407.475 3.61521
97000 94.1491 -407.586 3.61433
97100 94.3413 -407.761 3.61581
97200 94.5336 -407.576 3.61319
97300 94.7262 -407.754 3.614
97400 94.9189 -407.698 3.6107
97500 95.1119 -407.761 3.6084
97600 95.305 -407.8 3.60898
97700 95.4984 -407.672 3.60987
97800 95.6919 -407.373 3.60613
97900 95.8857 -407.497 3.60958
98000 96.0796 -407.546 3.61358
98100 96.2737 -407.686 3.61264
98200 96.4681 -407.667 3.611
98300 96.6626 -407.408 3.61382
98400 96.8573 -407.635 3.61413
98500 97.0523 -407.897 3.61436
98600 97.2474 -407.562 3.61442
98700 97.4427 -407.238 3.61218
98800 97.6383 -407.436 3.61419
98900 97.834 -407.385 3.6117
99000 98.0299 -407.573 3.61108
99100 98.226 -407.012 3.60882
99200 98.4223 -407.476 3.60999
99300 98.6189 -407.303 3.60681
99400 98.8156 -407.663 3.60861
99500 99.0125 -407.62 3.60717
99600 99.2096 -407.529 3.60731
99700 99.4069 -407.496 3.61019
99800 99.6044 -407.528 3.61292
99900 99.8021 -407.613 3.60914
100000 100 -407.601 3.61116
