100 20 2176.51 2.50736
200 20 1989.68 2.51256
300 20 1965.35 2.51798
400 20.0001 1928.52 2.52496
500 20.0001 1896.17 2.53143
600 20.0002 1869.79 2.53755
700 20.0002 1843.83 2.54372
800 20.0003 1825.64 2.54866
900 20.0005 1806.91 2.55431
1000 20.0006 1782.06 2.56114
1100 20.0008 1764.54 2.56702
1200 20.0009 1748.64 2.57286
1300 20.0012 1727.86 2.57939
1400 20.0014 1707.69 2.58662
1500 20.0017 1685.25 2.59357
1600 20.0019 1671.08 2.59906
1700 20.0023 1653.38 2.60512
1800 20.0026 1637.76 2.61122
1900 20.003 1623.21 2.61824
2000 20.0034 1601.26 2.62512
2100 20.0038 1585.53 2.63165
2200 20.0043 1564.57 2.63898
2300 20.0048 1552.5 2.64448
2400 20.0054 1537.49 2.65103
2500 20.0059 1524.39 2.65717
2600 20.0065 1511.12 2.66373
2700 20.0072 1491.35 2.66977
2800 20.0079 1477.16 2.67596
2900 20.0086 1460.12 2.68208
3000 20.0094 1444.24 2.68755
3100 20.0102 1427.62 2.69457
3200 20.011 1410.31 2.70133
3300 20.0119 1392.17 2.70915
3400 20.0128 1379.62 2.71534
3500 20.0138 1365.24 2.72126
3600 20.0148 1350.77 2.72754
3700 20.0158 1334.69 2.73514
3800 20.0169 1319.19 2.74199
3900 20.018 1306.52 2.74812
4000 20.0192 1294.18 2.75371
4100 20.0204 1279.25 2.76208
4200 20.0217 1260.78 2.76904
4300 20.023 1248.02 2.77511
4400 20.0244 1236.14 2.7807
4500 20.0258 1223.22 2.78679
4600 20.0272 1214.32 2.79267
4700 20.0287 1197.92 2.7994
4800 20.0303 1180.79 2.80805
4900 20.0319 1169.16 2.81381
5000 20.0335 1157.77 2.8195
5100 20.0352 1148.26 2.82598
5200 20.037 1136.38 2.83282
5300 20.0388 1119.56 2.84099
5400 20.0407 1110.51 2.84683
5500 20.0426 1100.55 2.8528
5600 20.0445 1092.68 2.85814
5700 20.0465 1072.38 2.86535
5800 20.0486 1060.71 2.87238
5900 20.0507 1046.17 2.87908
6000 20.0529 1040.7 2.88428
6100 20.0551 1027.26 2.89123
6200 20.0574 1016.91 2.90051
6300 20.0598 1008.24 2.90667
6400 20.0622 993.863 2.91452
6500 20.0646 977.46 2.9207
6600 20.0671 965.81 2.92893
6700 20.0697 953.404 2.93605
6800 20.0723 938.313 2.94184
6900 20.075 926.087 2.94992
7000 20.0778 918.814 2.95733
7100 20.0806 906.666 2.96462
7200 20.0835 892.128 2.97057
7300 20.0864 885.832 2.97634
7400 20.0894 879.083 2.98488
7500 20.0924 864.925 2.99174
7600 20.0955 855.905 2.99861
7700 20.0987 838.736 3.00597
7800 20.102 832.061 3.01308
7900 20.1052 810.331 3.0223
8000 20.1086 805.83 3.02737
8100 20.112 800.009 3.03563
8200 20.1155 784.018 3.04413
8300 20.1191 765.047 3.05094
8400 20.1227 746.077 3.0618
8500 20.1264 753.431 3.06949
8600 20.1301 731.725 3.07788
8700 20.134 727.02 3.08512
8800 20.1378 719.374 3.09218
8900 20.1418 702.396 3.09853
9000 20.1458 685.703 3.10822
9100 20.1499 692.414 3.11595
9200 20.154 671.547 3.12456
9300 20.1583 659.734 3.13169
9400 20.1625 639.515 3.13905
9500 20.1669 651.617 3.1449
9600 20.1713 626.831 3.15287
9700 20.1758 611.577 3.16011
9800 20.1804 581.017 3.16961
9900 20.185 590.212 3.17723
10000 20.1897 597.459 3.18593
10100 20.1945 521.902 3.19406
10200 20.1994 494.028 3.20118
10300 20.2043 488.982 3.20791
10400 20.2093 473.304 3.21565
10500 20.2144 441.586 3.22232
10600 20.2195 456.888 3.23023
10700 20.2247 438.408 3.23997
10800 20.23 486.606 3.24851
10900 20.2354 485.191 3.25612
11000 20.2408 421.43 3.26408
11100 20.2463 385.648 3.27019
11200 20.2519 430.619 3.27748
11300 20.2575 404.292 3.28477
11400 20.2633 395.954 3.2921
11500 20.2691 386.168 3.29985
11600 20.275 298.398 3.30677
11700 20.2809 114.36 3.31485
11800 20.287 219.497 3.32338
11900 20.2931 68.5257 3.33094
12000 20.2993 20.8151 3.3374
12100 20.3056 -80.9578 3.34496
12200 20.3119 -160.586 3.35086
12300 20.3184 -233.616 3.35859
12400 20.3249 -249.226 3.36467
12500 20.3315 -253.561 3.36756
12600 20.3381 -256.059 3.37417
12700 20.3449 -273.443 3.37775
12800 20.3517 -284.619 3.38282
12900 20.3586 -304.216 3.3881
13000 20.3656 -288.899 3.39226
13100 20.3727 -286.374 3.39636
13200 20.3798 -301.995 3.40544
13300 20.3871 -290.693 3.41202
13400 20.3944 -355.599 3.41424
13500 20.4018 -364.677 3.41843
13600 20.4093 -367.553 3.42023
13700 20.4168 -369.925 3.42294
13800 20.4245 -362.224 3.42523
13900 20.4322 -370.946 3.42853
14000 20.44 -372.011 3.43036
14100 20.4479 -373.584 3.43525
14200 20.4559 -359.84 3.43639
14300 20.464 -355.169 3.43895
14400 20.4721 -373.682 3.44213
14500 20.4804 -370.945 3.44291
14600 20.4887 -375.555 3.44493
14700 20.4971 -375.77 3.45307
14800 20.5056 -385.751 3.4561
14900 20.5142 -386.504 3.45689
15000 20.5229 -383.047 3.45979
15100 20.5316 -349.984 3.46201
15200 20.5405 -392.376 3.46336
15300 20.5494 -393.762 3.46385
15400 20.5584 -393.409 3.46494
15500 20.5675 -393.708 3.46896
15600 20.5767 -393.766 3.47121
15700 20.586 -393.786 3.47228
15800 20.5954 -394.092 3.47265
15900 20.6048 -394.187 3.47461
16000 20.6144 -394.464 3.47705
16100 20.624 -393.922 3.47967
16200 20.6338 -394.428 3.48156
16300 20.6436 -394.372 3.48332
16400 20.6535 -394.721 3.48425
16500 20.6635 -394.256 3.48645
16600 20.6736 -394.07 3.4878
16700 20.6838 -394.899 3.49157
16800 20.6941 -383.811 3.49463
16900 20.7045 -395.859 3.49679
17000 20.7149 -395.801 3.50058
17100 20.7255 -396.145 3.50042
17200 20.7362 -396.034 3.49937
17300 20.7469 -398.711 3.50302
17400 20.7577 -398.668 3.50244
17500 20.7687 -398.648 3.5066
17600 20.7797 -398.557 3.50698
17700 20.7908 -397.392 3.50774
17800 20.802 -398.527 3.50592
17900 20.8134 -398.702 3.51011
18000 20.8248 -398.582 3.50887
18100 20.8363 -398.275 3.51043
18200 20.8479 -398.927 3.51416
18300 20.8596 -399.259 3.51479
18400 20.8714 -397.834 3.51552
18500 20.8832 -398.58 3.51421
18600 20.8952 -398.784 3.515
18700 20.9073 -399.355 3.51624
18800 20.9195 -399.349 3.5198
18900 20.9318 -398.725 3.52028
19000 20.9441 -398.669 3.51942
19100 20.9566 -398.913 3.52192
19200 20.9692 -398.626 3.52207
19300 20.9818 -398.324 3.51985
19400 20.9946 -398.674 3.52134
19500 21.0075 -399.398 3.52027
19600 21.0204 -399.023 3.52198
19700 21.0335 -399.293 3.52456
19800 21.0467 -399.133 3.52534
19900 21.0599 -398.198 3.52812
20000 21.0733 -399.511 3.52906
20100 21.0868 -399.096 3.53178
20200 21.1003 -399.983 3.5318
20300 21.114 -399.71 3.53487
20400 21.1278 -399.417 3.53928
20500 21.1417 -398.609 3.54163
20600 21.1556 -398.728 3.54494
20700 21.1697 -399.209 3.54305
20800 21.1839 -399.503 3.54519
20900 21.1982 -398.988 3.54237
21000 21.2125 -397.816 3.54271
21100 21.227 -399.321 3.54523
21200 21.2416 -395.602 3.54737
21300 21.2563 -397.405 3.54555
21400 21.2711 -399.727 3.54401
21500 21.286 -399.817 3.54326
21600 21.301 -399.465 3.54952
21700 21.3161 -399.171 3.54816
21800 21.3314 -399.479 3.54938
21900 21.3467 -399.174 3.55157
22000 21.3621 -400.415 3.55382
22100 21.3776 -399.447 3.55522
22200 21.3933 -399.367 3.55414
22300 21.409 -399.523 3.55342
22400 21.4249 -400.166 3.55248
22500 21.4408 -400.045 3.5503
22600 21.4569 -399.81 3.55021
22700 21.473 -400.559 3.55445
22800 21.4893 -400.539 3.55819
22900 21.5057 -400.265 3.55954
23000 21.5222 -400.124 3.56381
23100 21.5388 -399.789 3.56743
23200 21.5555 -400.027 3.56714
23300 21.5723 -400.198 3.56488
23400 21.5892 -399.786 3.5663
23500 21.6063 -399.861 3.56448
23600 21.6234 -399.444 3.56284
23700 21.6407 -400.638 3.56208
23800 21.658 -400.191 3.56198
23900 21.6755 -400.319 3.56184
24000 21.6931 -400.544 3.56145
24100 21.7108 -400.091 3.56216
24200 21.7286 -399.63 3.56271
24300 21.7465 -400.147 3.5648
24400 21.7645 -384.226 3.56688
24500 21.7827 -397.965 3.56897
24600 21.8009 -397.774 3.57058
24700 21.8193 -398.51 3.57022
24800 21.8377 -399.385 3.57288
24900 21.8563 -399.827 3.57486
25000 21.875 -397.842 3.5782
25100 21.8938 -398.044 3.5781
25200 21.9127 -393.739 3.57855
25300 21.9318 -402.625 3.58198
25400 21.9509 -402.409 3.58013
25500 21.9702 -402.311 3.5787
25600 21.9895 -402.649 3.57763
25700 22.009 -403.175 3.58038
25800 22.0286 -403.394 3.57839
25900 22.0483 -403.713 3.57783
26000 22.0682 -402.562 3.57857
26100 22.0881 -404.28 3.5791
26200 22.1082 -404.071 3.58021
26300 22.1283 -404.178 3.58049
26400 22.1486 -404.665 3.58053
26500 22.169 -404.666 3.58333
26600 22.1896 -405.019 3.58692
26700 22.2102 -405.089 3.58584
26800 22.2309 -405.037 3.58634
26900 22.2518 -405.017 3.58414
27000 22.2728 -405.284 3.58648
27100 22.2939 -404.461 3.58906
27200 22.3151 -405.324 3.59217
27300 22.3365 -404.826 3.59302
27400 22.3579 -403.943 3.59348
27500 22.3795 -405.275 3.59548
27600 22.4012 -379.197 3.59579
27700 22.423 -403.169 3.59524
27800 22.4449 -403.486 3.5957
27900 22.467 -404.567 3.59048
28000 22.4891 -404.297 3.58767
28100 22.5114 -404.83 3.59021
28200 22.5338 -404.941 3.58955
28300 22.5563 -405.155 3.58993
28400 22.579 -404.672 3.58873
28500 22.6017 -340.15 3.58944
28600 22.6246 -372.887 3.59125
28700 22.6476 -374.935 3.59632
28800 22.6707 -375.259 3.60122
28900 22.694 -377.539 3.60652
29000 22.7174 -382.595 3.6088
29100 22.7408 -376.985 3.61229
29200 22.7644 -376.544 3.61562
29300 22.7882 -376.71 3.62204
29400 22.812 -380.373 3.62547
29500 22.836 -383.144 3.62532
29600 22.8601 -377.913 3.62752
29700 22.8843 -392.405 3.62769
29800 22.9087 -398.831 3.62624
29900 22.9331 -397.296 3.62917
30000 22.9577 -399.119 3.62981
30100 22.9824 -399.224 3.62835
30200 23.0072 -398.746 3.62756
30300 23.0322 -399.325 3.62746
30400 23.0573 -398.87 3.62882
30500 23.0825 -399.833 3.62886
30600 23.1078 -360.441 3.62855
30700 23.1333 -399.374 3.6306
30800 23.1588 -398.298 3.63094
30900 23.1845 -397.264 3.63127
31000 23.2104 -399.605 3.63427
31100 23.2363 -399.683 3.63368
31200 23.2624 -399.545 3.63929
31300 23.2886 -399.599 3.63927
31400 23.3149 -399.35 3.63904
31500 23.3414 -399.575 3.64158
31600 23.368 -399.277 3.64592
31700 23.3947 -399.187 3.64633
31800 23.4215 -399.274 3.64594
31900 23.4485 -399.501 3.64653
32000 23.4756 -398.994 3.64665
32100 23.5028 -398.682 3.64832
32200 23.5301 -399.032 3.64556
32300 23.5576 -399.264 3.65002
32400 23.5852 -399.569 3.6518
32500 23.6129 -398.881 3.65197
32600 23.6408 -400.134 3.65603
32700 23.6688 -399.803 3.65302
32800 23.6969 -399.003 3.6549
32900 23.7251 -398.929 3.66042
33000 23.7535 -399.842 3.66204
33100 23.782 -399.405 3.66648
33200 23.8106 -368.266 3.66929
33300 23.8394 -396.598 3.67225
33400 23.8683 -397.115 3.67348
33500 23.8973 -398.115 3.67663
33600 23.9264 -398.546 3.67378
33700 23.9557 -397.005 3.67478
33800 23.9851 -398.706 3.67436
33900 24.0147 -398.228 3.67429
34000 24.0443 -398.06 3.67512
34100 24.0742 -398.806 3.67853
34200 24.1041 -398.261 3.68046
34300 24.1342 -398.666 3.68336
34400 24.1644 -398.942 3.68054
34500 24.1947 -398.896 3.67942
34600 24.2251 -398.658 3.68084
34700 24.2557 -398.57 3.68214
34800 24.2865 -398.588 3.68464
34900 24.3173 -398.787 3.68523
35000 24.3483 -399.106 3.68717
35100 24.3794 -399.013 3.68619
35200 24.4107 -398.399 3.68391
35300 24.4421 -398.348 3.68475
35400 24.4736 -399.49 3.68562
35500 24.5053 -398.847 3.68828
35600 24.5371 -398.698 3.68648
35700 24.569 -398.706 3.68986
35800 24.6011 -398.8 3.68695
35900 24.6333 -398.989 3.68465
36000 24.6656 -399.095 3.6833
36100 24.6981 -397.54 3.68354
36200 24.7307 -399.449 3.68167
36300 24.7634 -398.617 3.68621
36400 24.7963 -399.166 3.68573
36500 24.8293 -399.155 3.69036
36600 24.8624 -399.37 3.69367
36700 24.8957 -399.067 3.69479
36800 24.9291 -399.169 3.69173
36900 24.9627 -398.11 3.69298
37000 24.9964 -398.208 3.69242
37100 25.0302 -398.76 3.69384
37200 25.0642 -398.641 3.69298
37300 25.0983 -398.754 3.69103
37400 25.1325 -398.913 3.69083
37500 25.1669 -399.247 3.68983
37600 25.2014 -399.657 3.69157
37700 25.2361 -399.061 3.69206
37800 25.2709 -399.383 3.69271
37900 25.3058 -399.376 3.69384
38000 25.3408 -399.878 3.69082
38100 25.3761 -399.304 3.68723
38200 25.4114 -399.05 3.69057
38300 25.4469 -399.004 3.69222
38400 25.4825 -398.317 3.69503
38500 25.5183 -398.925 3.69753
38600 25.5542 -399.2 3.69704
38700 25.5902 -398.839 3.69835
38800 25.6264 -399.084 3.6994
38900 25.6627 -398.476 3.70205
39000 25.6992 -375.043 3.70345
39100 25.7358 -396.701 3.70706
39200 25.7725 -396.362 3.71109
39300 25.8094 -397.194 3.70832
39400 25.8464 -396.27 3.70919
39500 25.8836 -397.004 3.71172
39600 25.9209 -396.409 3.71259
39700 25.9584 -396.721 3.71377
39800 25.996 -396.433 3.71156
39900 26.0337 -396.249 3.71019
40000 26.0716 -396.43 3.70858
40100 26.1096 -396.979 3.71135
40200 26.1478 -396.608 3.71111
40300 26.1861 -396.658 3.70971
40400 26.2245 -396.399 3.71075
40500 26.2631 -396.766 3.70997
40600 26.3018 -396.973 3.7096
40700 26.3407 -396.157 3.71105
40800 26.3797 -396.541 3.71002
40900 26.4189 -396.518 3.70963
41000 26.4582 -397.03 3.71084
41100 26.4976 -397.276 3.70477
41200 26.5372 -397.583 3.70528
41300 26.577 -395.785 3.70817
41400 26.6169 -396.919 3.70917
41500 26.6569 -396.957 3.70999
41600 26.6971 -397.316 3.71085
41700 26.7374 -396.88 3.71481
41800 26.7779 -397.34 3.71731
41900 26.8185 -397.152 3.7171
42000 26.8592 -396.547 3.71886
42100 26.9001 -396.375 3.71987
42200 26.9412 -397.19 3.72016
42300 26.9824 -396.204 3.71923
42400 27.0237 -396.964 3.7235
42500 27.0652 -397.343 3.72284
42600 27.1068 -397.641 3.72256
42700 27.1486 -396.685 3.72426
42800 27.1905 -396.822 3.72312
42900 27.2326 -397.561 3.719
43000 27.2748 -397.352 3.71977
43100 27.3172 -396.752 3.71736
43200 27.3597 -396.922 3.71707
43300 27.4024 -397.127 3.71501
43400 27.4452 -397.861 3.71096
43500 27.4881 -397.369 3.71333
43600 27.5313 -397.57 3.7122
43700 27.5745 -397.676 3.71567
43800 27.6179 -397.223 3.71386
43900 27.6615 -396.889 3.71436
44000 27.7052 -397.338 3.71662
44100 27.749 -397.336 3.71418
44200 27.793 -396.981 3.71577
44300 27.8372 -397.353 3.71795
44400 27.8815 -397.07 3.71831
44500 27.9259 -397.249 3.71886
44600 27.9706 -397.496 3.717
44700 28.0153 -397.14 3.7134
44800 28.0602 -396.824 3.71619
44900 28.1053 -397.33 3.714
45000 28.1505 -397.507 3.71826
45100 28.1958 -397.116 3.72022
45200 28.2413 -396.915 3.72076
45300 28.287 -397.725 3.71861
45400 28.3328 -397.25 3.71859
45500 28.3788 -397.353 3.71762
45600 28.4249 -397.3 3.71915
45700 28.4711 -395.985 3.72194
45800 28.5176 -397.471 3.72255
45900 28.5641 -396.8 3.72505
46000 28.6108 -397.396 3.72446
46100 28.6577 -397.12 3.72547
46200 28.7047 -397.543 3.72462
46300 28.7519 -395.051 3.72257
46400 28.7993 -397.194 3.72519
46500 28.8467 -397.155 3.72141
46600 28.8944 -397.268 3.71851
46700 28.9422 -398.385 3.71483
46800 28.9901 -397.848 3.71679
46900 29.0382 -397.788 3.71469
47000 29.0865 -399.703 3.71379
47100 29.1349 -399.357 3.71591
47200 29.1835 -399.956 3.7147
47300 29.2322 -399.808 3.71191
47400 29.281 -400.248 3.71286
47500 29.3301 -399.376 3.71223
47600 29.3793 -399.919 3.71247
47700 29.4286 -399.62 3.71593
47800 29.4781 -399.466 3.71254
47900 29.5277 -399.919 3.70995
48000 29.5775 -399.393 3.70806
48100 29.6275 -399.273 3.70741
48200 29.6776 -400.19 3.70967
48300 29.7279 -400.12 3.70735
48400 29.7783 -399.623 3.7063
48500 29.8289 -400.188 3.7068
48600 29.8797 -400.157 3.70765
48700 29.9306 -399.451 3.70519
48800 29.9816 -399.985 3.70544
48900 30.0328 -400.338 3.70407
49000 30.0842 -358.086 3.70179
49100 30.1357 -399.597 3.70132
49200 30.1874 -399.747 3.70389
49300 30.2393 -400.2 3.7028
49400 30.2913 -400.099 3.69952
49500 30.3434 -399.653 3.69963
49600 30.3957 -399.827 3.70005
49700 30.4482 -400.364 3.70018
49800 30.5009 -399.988 3.69963
49900 30.5536 -400.068 3.69747
50000 30.6066 -400.258 3.69419
50100 30.6597 -400.117 3.69176
50200 30.713 -399.535 3.6895
50300 30.7664 -399.985 3.69019
50400 30.82 -399.994 3.68985
50500 30.8738 -400.004 3.68796
50600 30.9277 -400.019 3.68655
50700 30.9817 -399.867 3.68935
50800 31.036 -399.885 3.68742
50900 31.0904 -399.934 3.68816
51000 31.1449 -399.952 3.68902
51100 31.1996 -400.3 3.69114
51200 31.2545 -400.069 3.69324
51300 31.3095 -400.08 3.69246
51400 31.3647 -400.229 3.69062
51500 31.4201 -400.169 3.68826
51600 31.4756 -399.91 3.68868
51700 31.5313 -399.724 3.69041
51800 31.5871 -400.465 3.68399
51900 31.6431 -399.76 3.68578
52000 31.6993 -400.086 3.68522
52100 31.7556 -400.094 3.68773
52200 31.8121 -387.994 3.6885
52300 31.8688 -388.252 3.69299
52400 31.9256 -388.927 3.69528
52500 31.9826 -388.968 3.69743
52600 32.0397 -388.953 3.69846
52700 32.097 -389.283 3.69645
52800 32.1545 -389.292 3.69519
52900 32.2121 -388.75 3.69468
53000 32.2699 -389.025 3.6951
53100 32.3279 -389.732 3.69348
53200 32.386 -383.758 3.6918
53300 32.4443 -399.68 3.69077
53400 32.5027 -400.234 3.69073
53500 32.5613 -400.563 3.68736
53600 32.6201 -400.492 3.68763
53700 32.6791 -400.748 3.68385
53800 32.7382 -399.681 3.68517
53900 32.7974 -400.047 3.68319
54000 32.8569 -399.798 3.68478
54100 32.9165 -400.286 3.68659
54200 32.9763 -399.858 3.6875
54300 33.0362 -399.871 3.68594
54400 33.0963 -400.134 3.68758
54500 33.1566 -400.202 3.6882
54600 33.217 -400.329 3.68789
54700 33.2776 -400.208 3.69006
54800 33.3384 -400.021 3.68997
54900 33.3993 -400.137 3.69384
55000 33.4604 -399.683 3.6939
55100 33.5217 -399.44 3.69478
55200 33.5831 -399.958 3.69455
55300 33.6447 -400.297 3.69258
55400 33.7065 -400.425 3.68994
55500 33.7684 -400.617 3.69041
55600 33.8305 -400.319 3.68948
55700 33.8928 -401.09 3.6861
55800 33.9552 -400.385 3.68571
55900 34.0178 -400.38 3.68655
56000 34.0806 -400.345 3.68526
56100 34.1435 -400.34 3.68619
56200 34.2067 -400.846 3.68674
56300 34.2699 -400.315 3.68625
56400 34.3334 -400.68 3.68163
56500 34.397 -399.991 3.67755
56600 34.4608 -399.636 3.67841
56700 34.5248 -400.164 3.67758
56800 34.5889 -400.365 3.67786
56900 34.6532 -400.411 3.67763
57000 34.7176 -400.643 3.67603
57100 34.7823 -397.669 3.67563
57200 34.8471 -400.819 3.67842
57300 34.9121 -400.816 3.68103
57400 34.9772 -400.794 3.68255
57500 35.0425 -400.779 3.68152
57600 35.108 -400.108 3.67946
57700 35.1737 -400.273 3.67819
57800 35.2395 -400.487 3.68265
57900 35.3055 -400.49 3.68218
58000 35.3717 -400.308 3.68223
58100 35.438 -400.517 3.68192
58200 35.5045 -400.461 3.67881
58300 35.5712 -400.431 3.67922
58400 35.6381 -400.385 3.67962
58500 35.7051 -400.596 3.6783
58600 35.7723 -400.569 3.67877
58700 35.8397 -400.77 3.68141
58800 35.9072 -400.654 3.68015
58900 35.9749 -399.362 3.68085
59000 36.0428 -400.02 3.68356
59100 36.1109 -400.526 3.68261
59200 36.1791 -400.241 3.68075
59300 36.2476 -400.39 3.68086
59400 36.3161 -400.744 3.68219
59500 36.3849 -400.198 3.68487
59600 36.4538 -400.205 3.68466
59700 36.5229 -400.148 3.68516
59800 36.5922 -400.362 3.68551
59900 36.6617 -400.79 3.68481
60000 36.7313 -400.116 3.68232
60100 36.8011 -400.858 3.6786
60200 36.8711 -401.05 3.67835
60300 36.9412 -400.509 3.67791
60400 37.0115 -400.663 3.678
60500 37.082 -400.804 3.67664
60600 37.1527 -400.52 3.67445
60700 37.2236 -400.413 3.67624
60800 37.2946 -400.497 3.67602
60900 37.3658 -400.342 3.68073
61000 37.4372 -399.698 3.68004
61100 37.5087 -400.371 3.67665
61200 37.5804 -400.796 3.67498
61300 37.6523 -400.904 3.6721
61400 37.7244 -400.569 3.67441
61500 37.7967 -400.46 3.6781
61600 37.8691 -400.125 3.68334
61700 37.9417 -400.605 3.68481
61800 38.0145 -400.88 3.68271
61900 38.0875 -401.034 3.67979
62000 38.1606 -400.643 3.67942
62100 38.2339 -400.569 3.6785
62200 38.3074 -400.306 3.68083
62300 38.3811 -400.587 3.67945
62400 38.4549 -400.64 3.6786
62500 38.529 -400.849 3.677
62600 38.6032 -400.067 3.67782
62700 38.6776 -400.291 3.67631
62800 38.7521 -399.933 3.67314
62900 38.8269 -400.256 3.67163
63000 38.9018 -400.012 3.66929
63100 38.9769 -400.833 3.6703
63200 39.0521 -400.186 3.66915
63300 39.1276 -400.282 3.66903
63400 39.2032 -400.547 3.67014
63500 39.279 -400.473 3.66834
63600 39.355 -400.48 3.6672
63700 39.4312 -391.855 3.66444
63800 39.5076 -400.969 3.66271
63900 39.5841 -401.134 3.66102
64000 39.6608 -401.029 3.65934
64100 39.7377 -400.662 3.66076
64200 39.8148 -401.032 3.66523
64300 39.892 -400.629 3.66736
64400 39.9694 -400.881 3.66942
64500 40.0471 -400.234 3.66724
64600 40.1248 -400.76 3.66362
64700 40.2028 -400.569 3.66108
64800 40.281 -401.017 3.66273
64900 40.3593 -401.075 3.66329
65000 40.4378 -400.862 3.66223
65100 40.5165 -401.081 3.66117
65200 40.5954 -400.859 3.66408
65300 40.6745 -401.002 3.66322
65400 40.7537 -400.737 3.66179
65500 40.8331 -400.741 3.65747
65600 40.9127 -400.864 3.66075
65700 40.9925 -400.725 3.65972
65800 41.0725 -400.988 3.65783
65900 41.1527 -400.487 3.66005
66000 41.233 -400.392 3.66527
66100 41.3135 -400.258 3.66451
66200 41.3942 -400.609 3.66692
66300 41.4751 -400.622 3.6656
66400 41.5562 -400.906 3.66949
66500 41.6374 -400.853 3.67253
66600 41.7188 -401.193 3.67327
66700 41.8005 -400.799 3.67381
66800 41.8823 -401.103 3.67147
66900 41.9643 -401.268 3.67018
67000 42.0464 -399.882 3.67299
67100 42.1288 -400.841 3.67435
67200 42.2113 -400.597 3.67401
67300 42.294 -400.881 3.67403
67400 42.377 -401.018 3.67267
67500 42.46 -400.643 3.67267
67600 42.5433 -400.837 3.67562
67700 42.6268 -400.668 3.67801
67800 42.7104 -400.425 3.67758
67900 42.7943 -400.551 3.67488
68000 42.8783 -400.513 3.67505
68100 42.9625 -400.898 3.67979
68200 43.0469 -400.837 3.67698
68300 43.1315 -400.747 3.67415
68400 43.2162 -400.631 3.67168
68500 43.3012 -400.478 3.66858
68600 43.3863 -400.476 3.66862
68700 43.4716 -400.791 3.6661
68800 43.5571 -401.192 3.6681
68900 43.6428 -401.127 3.66968
69000 43.7287 -401.089 3.6701
69100 43.8148 -400.886 3.66958
69200 43.901 -400.851 3.67083
69300 43.9875 -400.736 3.67308
69400 44.0741 -400.597 3.67374
69500 44.1609 -400.642 3.67188
69600 44.2479 -400.706 3.67034
69700 44.3351 -399.019 3.67008
69800 44.4225 -400.298 3.67235
69900 44.51 -400.938 3.67434
70000 44.5978 -400.707 3.67392
70100 44.6857 -401.107 3.67239
70200 44.7739 -401.065 3.67215
70300 44.8622 -400.898 3.67222
70400 44.9507 -400.871 3.67082
70500 45.0394 -400.832 3.67298
70600 45.1283 -401.313 3.67355
70700 45.2174 -400.882 3.6715
70800 45.3066 -400.962 3.67071
70900 45.3961 -401.291 3.67087
71000 45.4857 -400.904 3.67021
71100 45.5756 -401.171 3.67107
71200 45.6656 -401.45 3.67346
71300 45.7558 -400.978 3.67746
71400 45.8462 -400.703 3.68029
71500 45.9368 -400.911 3.68124
71600 46.0276 -400.667 3.68081
71700 46.1186 -400.653 3.68008
71800 46.2097 -400.965 3.67974
71900 46.3011 -400.925 3.67888
72000 46.3926 -400.922 3.68031
72100 46.4844 -400.946 3.68134
72200 46.5763 -400.931 3.68168
72300 46.6684 -400.954 3.68022
72400 46.7607 -400.951 3.68077
72500 46.8532 -400.566 3.68191
72600 46.9459 -400.265 3.67793
72700 47.0388 -400.528 3.67768
72800 47.1319 -400.648 3.67975
72900 47.2251 -400.791 3.67689
73000 47.3186 -401.165 3.68116
73100 47.4123 -401.099 3.68122
73200 47.5061 -401 3.67944
73300 47.6001 -400.57 3.67715
73400 47.6944 -400.763 3.67781
73500 47.7888 -400.622 3.67611
73600 47.8834 -400.792 3.67833
73700 47.9782 -400.904 3.67652
73800 48.0732 -400.708 3.67624
73900 48.1684 -400.731 3.67434
74000 48.2638 -400.534 3.67422
74100 48.3594 -400.521 3.67588
74200 48.4552 -400.901 3.67195
74300 48.5511 -400.871 3.67003
74400 48.6473 -400.737 3.67218
74500 48.7437 -400.713 3.67327
74600 48.8402 -400.791 3.67535
74700 48.937 -400.833 3.67527
74800 49.0339 -400.94 3.67657
74900 49.131 -401.145 3.67612
75000 49.2284 -400.854 3.67587
75100 49.3259 -400.832 3.67577
75200 49.4236 -400.828 3.67472
75300 49.5215 -400.892 3.67705
75400 49.6196 -400.959 3.67817
75500 49.7179 -401.127 3.67739
75600 49.8164 -400.762 3.67854
75700 49.9151 -401.051 3.67738
75800 50.014 -400.889 3.67714
75900 50.1131 -385.598 3.67711
76000 50.2124 -400.222 3.67532
76100 50.3119 -400.798 3.67788
76200 50.4116 -401.244 3.67528
76300 50.5114 -400.977 3.6791
76400 50.6115 -400.89 3.67877
76500 50.7118 -400.825 3.67741
76600 50.8122 -400.459 3.67927
76700 50.9129 -400.67 3.67879
76800 51.0138 -400.945 3.67947
76900 51.1148 -400.875 3.67738
77000 51.2161 -400.855 3.67663
77100 51.3175 -400.836 3.6783
77200 51.4192 -400.605 3.67734
77300 51.521 -400.65 3.67749
77400 51.623 -400.515 3.67846
77500 51.7253 -400.579 3.68107
77600 51.8277 -400.737 3.67863
77700 51.9304 -400.651 3.67792
77800 52.0332 -400.736 3.67829
77900 52.1362 -400.771 3.67862
78000 52.2395 -400.985 3.68034
78100 52.3429 -400.899 3.68188
78200 52.4465 -400.928 3.68069
78300 52.5503 -400.533 3.67326
78400 52.6544 -400.93 3.67616
78500 52.7586 -400.929 3.67566
78600 52.863 -400.972 3.6761
78700 52.9677 -401.07 3.67244
78800 53.0725 -397.348 3.67186
78900 53.1775 -397.82 3.67326
79000 53.2827 -397.282 3.67606
79100 53.3882 -397.975 3.67751
79200 53.4938 -400.212 3.67797
79300 53.5996 -400.946 3.67676
79400 53.7056 -400.724 3.67718
79500 53.8119 -400.205 3.67851
79600 53.9183 -401.043 3.68197
79700 54.0249 -400.915 3.67977
79800 54.1317 -400.632 3.67967
79900 54.2388 -399.974 3.68406
80000 54.346 -400.902 3.6851
80100 54.4534 -401.009 3.68505
80200 54.5611 -401.101 3.68507
80300 54.6689 -401.02 3.68534
80400 54.7769 -400.897 3.68582
80500 54.8852 -400.663 3.68323
80600 54.9936 -401.355 3.68345
80700 55.1023 -401.241 3.68484
80800 55.2111 -400.865 3.68392
80900 55.3202 -400.977 3.68297
81000 55.4294 -400.983 3.68362
81100 55.5389 -401.239 3.68089
81200 55.6485 -401.253 3.679
81300 55.7584 -401.18 3.67777
81400 55.8684 -401.396 3.67807
81500 55.9787 -401.501 3.67656
81600 56.0891 -401.224 3.67516
81700 56.1998 -401.236 3.67607
81800 56.3107 -401.266 3.67551
81900 56.4218 -388.569 3.67513
82000 56.533 -389.476 3.67845
82100 56.6445 -389.828 3.67928
82200 56.7562 -389.571 3.68347
82300 56.8681 -389.097 3.68754
82400 56.9802 -389.781 3.68523
82500 57.0925 -389.92 3.68521
82600 57.205 -389.892 3.68475
82700 57.3177 -390.168 3.68871
82800 57.4306 -390.051 3.69268
82900 57.5437 -390.283 3.69233
83000 57.6571 -390.117 3.69637
83100 57.7706 -390.309 3.69879
83200 57.8843 -390.076 3.69856
83300 57.9983 -390.299 3.69991
83400 58.1124 -389.301 3.69873
83500 58.2268 -390.036 3.70052
83600 58.3413 -365.1 3.70063
83700 58.4561 -389.15 3.70223
83800 58.571 -395.886 3.7022
83900 58.6862 -389.344 3.70066
84000 58.8016 -389.534 3.70078
84100 58.9172 -389.909 3.70193
84200 59.033 -389.766 3.70271
84300 59.149 -389.672 3.70322
84400 59.2652 -390.036 3.70476
84500 59.3816 -389.996 3.7056
84600 59.4982 -390.179 3.70528
84700 59.615 -390.095 3.70522
84800 59.732 -396.294 3.70456
84900 59.8493 -390.081 3.70736
85000 59.9667 -389.421 3.70778
85100 60.0844 -388.596 3.70939
85200 60.2022 -389.826 3.70938
85300 60.3203 -399.757 3.70754
85400 60.4386 -400.938 3.70861
85500 60.5571 -401.044 3.70539
85600 60.6758 -400.695 3.70584
85700 60.7947 -401.02 3.70204
85800 60.9138 -400.982 3.70428
85900 61.0331 -401.049 3.70713
86000 61.1526 -401.258 3.70687
86100 61.2723 -400.922 3.70498
86200 61.3923 -401.035 3.70244
86300 61.5124 -401.226 3.70016
86400 61.6328 -401.242 3.69869
86500 61.7534 -401.323 3.69264
86600 61.8741 -401.106 3.6903
86700 61.9951 -401.462 3.68683
86800 62.1163 -401.179 3.68482
86900 62.2377 -401.43 3.68289
87000 62.3594 -401.394 3.67924
87100 62.4812 -401.073 3.67839
87200 62.6032 -401.263 3.68035
87300 62.7255 -401.36 3.68414
87400 62.8479 -401.366 3.68444
87500 62.9706 -400.822 3.68409
87600 63.0935 -400.65 3.68601
87700 63.2166 -401.095 3.68639
87800 63.3399 -401.218 3.68671
87900 63.4634 -401.376 3.68603
88000 63.5871 -401.369 3.68659
88100 63.711 -401.065 3.68634
88200 63.8352 -401.032 3.68471
88300 63.9595 -401.341 3.68677
88400 64.0841 -401.524 3.68317
88500 64.2089 -401.557 3.68314
88600 64.3339 -400.947 3.68251
88700 64.4591 -401.426 3.68233
88800 64.5845 -401.426 3.68297
88900 64.7101 -403 3.68362
89000 64.8359 -402.708 3.68383
89100 64.962 -403.21 3.68267
89200 65.0883 -403.117 3.68461
89300 65.2147 -402.74 3.682
89400 65.3414 -403.16 3.68131
89500 65.4683 -403.299 3.67997
89600 65.5954 -403.207 3.67719
89700 65.7228 -403.232 3.67557
89800 65.8503 -403.218 3.67964
89900 65.978 -403.22 3.67491
90000 66.106 -403.227 3.67496
90100 66.2342 -403.299 3.67531
90200 66.3626 -403.124 3.67861
90300 66.4912 -403.325 3.67431
90400 66.62 -403.284 3.6719
90500 66.749 -403.439 3.67174
90600 66.8783 -403.23 3.67337
90700 67.0078 -403.226 3.67087
90800 67.1374 -403.238 3.6694
90900 67.2673 -403.456 3.66638
91000 67.3974 -403.405 3.66826
91100 67.5277 -403.357 3.66348
91200 67.6583 -403.657 3.66463
91300 67.789 -403.34 3.66324
91400 67.92 -403.463 3.66119
91500 68.0512 -403.215 3.65908
91600 68.1826 -403.496 3.65953
91700 68.3142 -403.348 3.65995
91800 68.446 -402.718 3.66004
91900 68.578 -402.549 3.6597
92000 68.7103 -402.656 3.65804
92100 68.8428 -402.987 3.65877
92200 68.9755 -403.142 3.65613
92300 69.1084 -401.731 3.65635
92400 69.2415 -402.7 3.65392
92500 69.3748 -403.066 3.65496
92600 69.5084 -403.525 3.65539
92700 69.6422 -403.341 3.65541
92800 69.7761 -403.374 3.65608
92900 69.9103 -403.345 3.6573
93000 70.0448 -403.321 3.65944
93100 70.1794 -403.39 3.65826
93200 70.3143 -403.396 3.65764
93300 70.4493 -403.281 3.65491
93400 70.5846 -403.392 3.65256
93500 70.7201 -403.387 3.65642
93600 70.8558 -403.251 3.65747
93700 70.9918 -403.35 3.6584
93800 71.1279 -403.414 3.65949
93900 71.2643 -403.108 3.65809
94000 71.4009 -403.206 3.65857
94100 71.5377 -403.04 3.65941
94200 71.6748 -403.1 3.6575
94300 71.812 -403.374 3.65536
94400 71.9495 -403.34 3.65156
94500 72.0872 -403.505 3.65133
94600 72.2251 -403.612 3.65011
94700 72.3632 -403.487 3.64992
94800 72.5015 -403.412 3.65058
94900 72.6401 -403.45 3.65111
95000 72.7789 -403.244 3.6496
95100 72.9179 -403.334 3.64793
95200 73.0571 -403.411 3.6491
95300 73.1966 -403.359 3.65418
95400 73.3362 -403.397 3.65516
95500 73.4761 -403.361 3.65676
95600 73.6162 -403.472 3.65682
95700 73.7565 -403.325 3.65741
95800 73.8971 -403.632 3.66128
95900 74.0378 -403.559 3.66096
96000 74.1788 -403.375 3.66146
96100 74.32 -403.103 3.66309
96200 74.4614 -403.41 3.66039
96300 74.6031 -403.316 3.65897
96400 74.7449 -403.457 3.65604
96500 74.887 -403.331 3.66125
96600 75.0293 -403.53 3.65775
96700 75.1718 -402.665 3.65912
96800 75.3146 -403.182 3.661
96900 75.4576 -403.289 3.66161
97000 75.6007 -403.391 3.65955
97100 75.7442 -403.198 3.65739
97200 75.8878 -403.296 3.65582
97300 76.0316 -403.454 3.65757
97400 76.1757 -403.522 3.65926
97500 76.32 -403.578 3.65846
97600 76.4645 -403.64 3.65372
97700 76.6093 -403.67 3.65359
97800 76.7542 -403.607 3.65263
97900 76.8994 -403.673 3.65436
98000 77.0448 -403.45 3.65552
98100 77.1905 -403.625 3.65524
98200 77.3363 -403.666 3.65712
98300 77.4824 -403.574 3.65597
98400 77.6287 -403.484 3.65662
98500 77.7752 -403.657 3.65745
98600 77.922 -403.429 3.66014
98700 78.069 -403.55 3.65836
98800 78.2162 -403.584 3.66019
98900 78.3636 -403.602 3.65837
99000 78.5112 -403.558 3.65094
99100 78.6591 -403.675 3.64964
99200 78.8072 -403.782 3.64703
99300 78.9555 -403.646 3.64749
99400 79.104 -403.668 3.64989
99500 79.2528 -403.702 3.64763
99600 79.4018 -403.636 3.64626
99700 79.551 -403.672 3.64265
99800 79.7004 -403.686 3.64242
99900 79.8501 -403.615 3.64505
100000 80 -403.552 3.6439
