100 1.0001 2253.77 2.50316
200 1.0004 2067.38 2.50645
300 1.00089 2044.14 2.5088
400 1.00158 2002.47 2.51121
500 1.00248 2013.32 2.51359
600 1.00356 2007.29 2.51555
700 1.00485 1990.9 2.51872
800 1.00634 1980.99 2.52058
900 1.00802 1968.86 2.52478
1000 1.0099 1976.61 2.52658
1100 1.01198 1967.14 2.52746
1200 1.01426 1950.73 2.52852
1300 1.01673 1959.29 2.53055
1400 1.0194 1951.66 2.53354
1500 1.02228 1932.58 2.53661
1600 1.02534 1909.03 2.5401
1700 1.02861 1914.79 2.54328
1800 1.03208 1895.12 2.54695
1900 1.03574 1869.69 2.54955
2000 1.0396 1877.87 2.55163
2100 1.04366 1849.7 2.55317
2200 1.04792 1861.48 2.55525
2300 1.05237 1844.87 2.55737
2400 1.05702 1835.24 2.56066
2500 1.06188 1836.48 2.56288
2600 1.06692 1830.49 2.56339
2700 1.07217 1813.18 2.5665
2800 1.07762 1808.07 2.56983
2900 1.08326 1783.35 2.57299
3000 1.0891 1785.63 2.57573
3100 1.09514 1781.64 2.57686
3200 1.10138 1807.77 2.57641
3300 1.10781 1760.2 2.58163
3400 1.11444 1792.65 2.58317
3500 1.12128 1779.72 2.58453
3600 1.1283 1774.02 2.58773
3700 1.13553 1769.77 2.59026
3800 1.14296 1750.31 2.5929
3900 1.15058 1735.15 2.59708
4000 1.1584 1728.43 2.59992
4100 1.16642 1734.56 2.60115
4200 1.17464 1717.83 2.60283
4300 1.18305 1713.62 2.60683
4400 1.19166 1715.26 2.60893
4500 1.20047 1707.94 2.61292
4600 1.20948 1684.89 2.61597
4700 1.21869 1671.8 2.6189
4800 1.2281 1659.83 2.62305
4900 1.2377 1663.7 2.62496
5000 1.2475 1654.23 2.62966
5100 1.2575 1621.29 2.63452
5200 1.2677 1614.75 2.63938
5300 1.27809 1624.46 2.64303
5400 1.28868 1574.05 2.64866
5500 1.29947 1572.77 2.65372
5600 1.31046 1581.69 2.65668
5700 1.32165 1545.05 2.65964
5800 1.33304 1564.57 2.66319
5900 1.34462 1543.49 2.66552
6000 1.3564 1553.59 2.66936
6100 1.36838 1532.35 2.67174
6200 1.38056 1516.61 2.67631
6300 1.39293 1506.27 2.67728
6400 1.4055 1509.49 2.68092
6500 1.41827 1513.64 2.68336
6600 1.43124 1504.55 2.6879
6700 1.44441 1489.95 2.6924
6800 1.45778 1479.73 2.69753
6900 1.47134 1455.64 2.70206
7000 1.4851 1452.04 2.70623
7100 1.49906 1448.42 2.70954
7200 1.51322 1434.03 2.71135
7300 1.52757 1422.8 2.71389
7400 1.54212 1430.34 2.71763
7500 1.55688 1403.6 2.7222
7600 1.57182 1397.68 2.72541
7700 1.58697 1401.61 2.72779
7800 1.60232 1400.79 2.73031
7900 1.61786 1386.61 2.73211
8000 1.6336 1380.63 2.73612
8100 1.64954 1370.88 2.73863
8200 1.66568 1358.71 2.74314
8300 1.68201 1346.29 2.74838
8400 1.69854 1336.42 2.75225
8500 1.71528 1326.47 2.75501
8600 1.7322 1331.27 2.75698
8700 1.74933 1326.34 2.7579
8800 1.76666 1325.58 2.76138
8900 1.78418 1312.01 2.76561
9000 1.8019 1286.74 2.77065
9100 1.81982 1300.58 2.77263
9200 1.83794 1283.48 2.77611
9300 1.85625 1282.62 2.77906
9400 1.87476 1277.4 2.78062
9500 1.89348 1266.63 2.7839
9600 1.91238 1255.29 2.78944
9700 1.93149 1240.08 2.79301
9800 1.9508 1259.18 2.79342
9900 1.9703 1246.72 2.79607
10000 1.99 1239.73 2.79837
10100 2.0099 1224.05 2.80188
10200 2.03 1228.85 2.8041
10300 2.05029 1207.48 2.81048
10400 2.07078 1205.92 2.81238
10500 2.09147 1200.18 2.81749
10600 2.11236 1184.79 2.82236
10700 2.13345 1175.27 2.8267
10800 2.15474 1169 2.83024
10900 2.17622 1158.56 2.8368
11000 2.1979 1166.31 2.83965
11100 2.21978 1145.94 2.84332
11200 2.24186 1146.15 2.84752
11300 2.26413 1141.6 2.85131
11400 2.2866 1128.87 2.85465
11500 2.30927 1134.56 2.85773
11600 2.33214 1113.11 2.86148
11700 2.35521 1114.19 2.86347
11800 2.37848 1088.92 2.86871
11900 2.40194 1093.19 2.87245
12000 2.4256 1088.55 2.87659
12100 2.44946 1094.96 2.87859
12200 2.47352 1084.9 2.88274
12300 2.49777 1098.55 2.88509
12400 2.52222 1066.26 2.88854
12500 2.54688 1053.07 2.8933
12600 2.57172 1042.09 2.89895
12700 2.59677 1034.19 2.90354
12800 2.62202 1034.14 2.9072
12900 2.64746 1028.74 2.91091
13000 2.6731 1027.12 2.9162
13100 2.69894 1001.35 2.92026
13200 2.72498 1006.84 2.92172
13300 2.75121 991.434 2.92826
13400 2.77764 986.193 2.93148
13500 2.80428 965.402 2.93734
13600 2.8311 957.688 2.94425
13700 2.85813 953.485 2.94901
13800 2.88536 946.914 2.954
13900 2.91278 940.194 2.95751
14000 2.9404 930.45 2.9624
14100 2.96822 930.254 2.96544
14200 2.99624 923.159 2.96898
14300 3.02445 908.526 2.97401
14400 3.05286 902.088 2.97939
14500 3.08147 895.502 2.98405
14600 3.11028 898.337 2.98709
14700 3.13929 882.336 2.99177
14800 3.1685 880.533 2.99769
14900 3.1979 875.859 3.00226
15000 3.2275 868.411 3.00836
15100 3.2573 851.107 3.01374
15200 3.2873 845.45 3.01809
15300 3.31749 836.256 3.0223
15400 3.34788 825.157 3.02971
15500 3.37848 811.84 3.03378
15600 3.40926 790.75 3.04208
15700 3.44025 796.946 3.04713
15800 3.47144 786.852 3.04996
15900 3.50282 785.474 3.05528
16000 3.5344 769.714 3.06125
16100 3.56618 750.718 3.06546
16200 3.59816 758.786 3.0687
16300 3.63033 757.694 3.07328
16400 3.6627 752.166 3.07794
16500 3.69528 736.818 3.08394
16600 3.72804 735.886 3.08873
16700 3.76101 722.709 3.09153
16800 3.79418 737.311 3.09642
16900 3.82754 725.578 3.10063
17000 3.8611 717.477 3.10378
17100 3.89486 704.224 3.10708
17200 3.92882 704.636 3.11182
17300 3.96297 688.103 3.1186
17400 3.99732 676.081 3.12474
17500 4.03187 674.467 3.13187
17600 4.06662 669.689 3.13767
17700 4.10157 649.196 3.14149
17800 4.13672 660.891 3.14893
17900 4.17206 634.529 3.15659
18000 4.2076 625.264 3.16361
18100 4.24334 625.128 3.16912
18200 4.27928 614.802 3.17271
18300 4.31541 589.047 3.17702
18400 4.35174 593.681 3.18032
18500 4.38828 580.844 3.18653
18600 4.425 580.151 3.19043
18700 4.46193 572.089 3.19558
18800 4.49906 522.9 3.20002
18900 4.53638 533.675 3.20454
19000 4.5739 527.791 3.2103
19100 4.61162 545.102 3.21461
19200 4.64954 512.136 3.22012
19300 4.68765 515.181 3.22745
19400 4.72596 489.48 3.23358
19500 4.76448 531.74 3.23984
19600 4.80318 482.373 3.24496
19700 4.84209 509.674 3.25002
19800 4.8812 505.246 3.25619
19900 4.9205 489.722 3.26284
20000 4.96 492.628 3.269
20100 4.9997 472.297 3.27216
20200 5.0396 488.115 3.27793
20300 5.07969 468.52 3.28082
20400 5.11998 424.934 3.28762
20500 5.16047 407.818 3.29305
20600 5.20116 437.174 3.29972
20700 5.24205 416.283 3.30679
20800 5.28314 454.254 3.3112
20900 5.32442 396.899 3.31794
21000 5.3659 318.867 3.32295
21100 5.40758 304.805 3.32626
21200 5.44946 213.138 3.33077
21300 5.49153 95.3178 3.33345
21400 5.5338 76.5003 3.33645
21500 5.57627 -71.9105 3.34274
21600 5.61894 -167.52 3.34526
21700 5.66181 -150.692 3.35194
21800 5.70488 -174.249 3.35199
21900 5.74814 -247.958 3.35584
22000 5.7916 -228.353 3.35794
22100 5.83526 -270.502 3.36301
22200 5.87912 -268.772 3.36391
22300 5.92317 -303.838 3.36574
22400 5.96742 -307.466 3.36666
22500 6.01188 -291.473 3.37236
22600 6.05652 -335.717 3.37405
22700 6.10137 -367.714 3.3745
22800 6.14642 -356.534 3.37535
22900 6.19166 -355.92 3.37486
23000 6.2371 -368.93 3.37506
23100 6.28274 -371.635 3.37608
23200 6.32858 -353.658 3.37663
23300 6.37461 -369.001 3.37594
23400 6.42084 -353.684 3.37793
23500 6.46727 -354.332 3.379
23600 6.5139 -366.196 3.37807
23700 6.56073 -349.621 3.37801
23800 6.60776 -361.517 3.38053
23900 6.65498 -356.531 3.37709
24000 6.7024 -353.469 3.37715
24100 6.75002 -343.47 3.37976
24200 6.79784 -362.525 3.38054
24300 6.84585 -329.487 3.38136
24400 6.89406 -346.16 3.385
24500 6.94247 -364.626 3.38441
24600 6.99108 -365.01 3.3852
24700 7.03989 -365.395 3.39008
24800 7.0889 -367.008 3.39177
24900 7.1381 -368.142 3.39384
25000 7.1875 -368.74 3.39278
25100 7.2371 -365.76 3.39197
25200 7.2869 -279.401 3.39193
25300 7.33689 -341.435 3.39278
25400 7.38708 -374.566 3.3978
25500 7.43748 -374.081 3.3981
25600 7.48806 -376.458 3.4009
25700 7.53885 -369.479 3.40094
25800 7.58984 -383.348 3.39948
25900 7.64102 -383.201 3.39939
26000 7.6924 -376.628 3.40088
26100 7.74398 -378.111 3.40267
26200 7.79576 -382.189 3.4046
26300 7.84773 -384.661 3.4074
26400 7.8999 -385.026 3.41003
26500 7.95228 -383.918 3.40977
26600 8.00484 -376.299 3.41281
26700 8.05761 -373.896 3.4133
26800 8.11058 -384.261 3.4147
26900 8.16374 -385.851 3.41545
27000 8.2171 -385.224 3.41393
27100 8.27066 -385.059 3.41482
27200 8.32442 -373.215 3.41656
27300 8.37837 -384.939 3.41791
27400 8.43252 -377.509 3.41997
27500 8.48688 -375.949 3.42229
27600 8.54142 -377.193 3.42244
27700 8.59617 -377.129 3.42223
27800 8.65112 -385.826 3.42515
27900 8.70626 -385.936 3.42891
28000 8.7616 -387.356 3.43243
28100 8.81714 -387.077 3.43487
28200 8.87288 -388.962 3.43738
28300 8.92881 -391.933 3.43934
28400 8.98494 -390.92 3.43897
28500 9.04127 -391.368 3.43827
28600 9.0978 -391.054 3.4365
28700 9.15453 -392.81 3.43725
28800 9.21146 -392.045 3.43908
28900 9.26858 -392.524 3.441
29000 9.3259 -391.482 3.44177
29100 9.38342 -392.901 3.44312
29200 9.44114 -391.22 3.44312
29300 9.49905 -391.627 3.44276
29400 9.55716 -391.811 3.44535
29500 9.61547 -391.932 3.44816
29600 9.67398 -392.127 3.44623
29700 9.73269 -392.983 3.44644
29800 9.7916 -390.954 3.44906
29900 9.8507 -391.802 3.45127
30000 9.91 -392.164 3.45319
30100 9.9695 -369.871 3.45367
30200 10.0292 -393.488 3.45606
30300 10.0891 -392.569 3.456
30400 10.1492 -392.419 3.45737
30500 10.2095 -391.809 3.4572
30600 10.27 -393.203 3.46199
30700 10.3307 -393.668 3.46035
30800 10.3915 -393.912 3.46253
30900 10.4526 -393.212 3.46614
31000 10.5139 -394.434 3.46506
31100 10.5754 -392.805 3.46479
31200 10.6371 -392.698 3.46536
31300 10.6989 -393.083 3.46613
31400 10.761 -393.531 3.46699
31500 10.8233 -394.639 3.46604
31600 10.8857 -393.291 3.46883
31700 10.9484 -393.756 3.46881
31800 11.0113 -392.02 3.47199
31900 11.0743 -392.847 3.47041
32000 11.1376 -392.446 3.47041
32100 11.2011 -393.847 3.4701
32200 11.2647 -393.797 3.46718
32300 11.3286 -394.78 3.46565
32400 11.3926 -394.39 3.46661
32500 11.4569 -393.99 3.46466
32600 11.5213 -393.779 3.4701
32700 11.586 -393.479 3.47192
32800 11.6508 -392.697 3.47689
32900 11.7159 -394.638 3.47652
33000 11.7811 -394.542 3.47681
33100 11.8465 -394.864 3.47597
33200 11.9122 -394.772 3.48002
33300 11.978 -394.388 3.48112
33400 12.044 -395.387 3.48323
33500 12.1103 -394.789 3.48297
33600 12.1767 -395.973 3.48338
33700 12.2433 -394.445 3.48329
33800 12.3102 -395.434 3.4825
33900 12.3772 -394.667 3.48281
34000 12.4444 -379.949 3.4847
34100 12.5118 -379.864 3.48707
34200 12.5794 -373.244 3.4902
34300 12.6473 -380.38 3.49172
34400 12.7153 -392.745 3.49707
34500 12.7835 -394.352 3.49799
34600 12.8519 -392.83 3.50104
34700 12.9205 -392.808 3.50281
34800 12.9893 -393.107 3.50426
34900 13.0583 -393.943 3.50672
35000 13.1275 -394.093 3.51144
35100 13.1969 -392.495 3.51209
35200 13.2665 -393.938 3.5144
35300 13.3363 -394.694 3.51426
35400 13.4063 -393.851 3.51446
35500 13.4765 -392.659 3.51595
35600 13.5469 -393.483 3.51826
35700 13.6175 -383.059 3.52143
35800 13.6882 -381.994 3.52286
35900 13.7592 -397.71 3.52374
36000 13.8304 -399.399 3.52453
36100 13.9018 -399.821 3.52576
36200 13.9734 -398.445 3.52425
36300 14.0451 -398.981 3.52567
36400 14.1171 -398.44 3.52604
36500 14.1893 -399.164 3.53132
36600 14.2616 -399.291 3.53213
36700 14.3342 -397.448 3.53047
36800 14.407 -398.347 3.53086
36900 14.4799 -398.73 3.53272
37000 14.5531 -399.088 3.53131
37100 14.6265 -400.824 3.53217
37200 14.7 -400.033 3.53548
37300 14.7738 -399.481 3.53456
37400 14.8477 -400.435 3.53533
37500 14.9219 -401.574 3.53746
37600 14.9962 -400.559 3.53382
37700 15.0708 -401.006 3.53714
37800 15.1455 -400.494 3.53578
37900 15.2205 -400.571 3.53429
38000 15.2956 -400.119 3.53713
38100 15.3709 -399.758 3.53575
38200 15.4465 -400.429 3.53513
38300 15.5222 -400.533 3.53747
38400 15.5981 -400.009 3.54075
38500 15.6743 -400.803 3.54326
38600 15.7506 -400.368 3.54629
38700 15.8271 -400.976 3.54545
38800 15.9039 -400.115 3.54544
38900 15.9808 -400.282 3.54728
39000 16.0579 -401.018 3.54833
39100 16.1352 -401.247 3.54979
39200 16.2127 -400.52 3.55289
39300 16.2905 -401.18 3.55117
39400 16.3684 -401.125 3.54775
39500 16.4465 -401.331 3.5521
39600 16.5248 -400.835 3.55361
39700 16.6033 -400.645 3.55237
39800 16.682 -400.913 3.5552
39900 16.7609 -401.302 3.55309
40000 16.84 -399.873 3.55466
40100 16.9193 -401.478 3.55403
40200 16.9988 -400.762 3.557
40300 17.0785 -401.214 3.55729
40400 17.1584 -400.348 3.55806
40500 17.2385 -400.789 3.55852
40600 17.3188 -401.524 3.55835
40700 17.3993 -398.364 3.55795
40800 17.4799 -400.231 3.55576
40900 17.5608 -400.182 3.55626
41000 17.6419 -401.281 3.5588
41100 17.7232 -400.92 3.55661
41200 17.8047 -400.423 3.55365
41300 17.8863 -401.207 3.5541
41400 17.9682 -400.51 3.55276
41500 18.0503 -400.592 3.55459
41600 18.1325 -400.574 3.55598
41700 18.215 -401.037 3.55618
41800 18.2977 -401.383 3.55635
41900 18.3805 -401.587 3.55877
42000 18.4636 -401.352 3.55707
42100 18.5469 -400.623 3.5593
42200 18.6303 -401.38 3.55915
42300 18.714 -401.596 3.55999
42400 18.7978 -401.272 3.56236
42500 18.8819 -400.537 3.56506
42600 18.9661 -401.615 3.56749
42700 19.0506 -401.628 3.56771
42800 19.1352 -400.321 3.56741
42900 19.2201 -401.395 3.56565
43000 19.3051 -401.538 3.56886
43100 19.3903 -401.285 3.56967
43200 19.4758 -401.021 3.56675
43300 19.5614 -401.907 3.56639
43400 19.6472 -401.434 3.56448
43500 19.7333 -401.518 3.56544
43600 19.8195 -401.637 3.56337
43700 19.9059 -400.843 3.56291
43800 19.9926 -402.183 3.56203
43900 20.0794 -401.871 3.56269
44000 20.1664 -401.25 3.56272
44100 20.2536 -401.007 3.56268
44200 20.341 -401.92 3.56215
44300 20.4287 -401.108 3.56541
44400 20.5165 -400.659 3.56524
44500 20.6045 -400.787 3.56394
44600 20.6927 -401.031 3.56043
44700 20.7811 -400.779 3.56281
44800 20.8697 -400.741 3.5648
44900 20.9585 -401.053 3.56287
45000 21.0475 -400.727 3.56352
45100 21.1367 -401.892 3.56548
45200 21.2261 -401.465 3.56574
45300 21.3157 -401.207 3.5652
45400 21.4055 -401.628 3.5623
45500 21.4955 -401.778 3.56327
45600 21.5857 -401.524 3.56783
45700 21.6761 -401.631 3.56586
45800 21.7666 -402.264 3.56739
45900 21.8574 -401.904 3.56934
46000 21.9484 -401.708 3.57478
46100 22.0396 -402.405 3.57191
46200 22.131 -401.327 3.57165
46300 22.2225 -401.855 3.57328
46400 22.3143 -402.526 3.57561
46500 22.4063 -402.437 3.57627
46600 22.4984 -400.216 3.57863
46700 22.5908 -401.649 3.57838
46800 22.6834 -401.119 3.57996
46900 22.7761 -401.478 3.58049
47000 22.8691 -402.164 3.58087
47100 22.9623 -402.541 3.58058
47200 23.0556 -401.922 3.58278
47300 23.1492 -401.859 3.58403
47400 23.2429 -401.56 3.58475
47500 23.3369 -402.057 3.58696
47600 23.431 -402.278 3.58743
47700 23.5254 -401.934 3.58906
47800 23.6199 -401.913 3.58988
47900 23.7147 -401.626 3.5902
48000 23.8096 -401.936 3.58777
48100 23.9047 -402.398 3.59277
48200 24.0001 -402.044 3.59093
48300 24.0956 -401.419 3.59407
48400 24.1913 -402.125 3.59212
48500 24.2873 -402.106 3.593
48600 24.3834 -401.729 3.59193
48700 24.4797 -402.502 3.59161
48800 24.5763 -401.882 3.59085
48900 24.673 -402.521 3.59361
49000 24.7699 -402.893 3.59522
49100 24.867 -402.442 3.59705
49200 24.9643 -402.693 3.594
49300 25.0619 -402.268 3.59702
49400 25.1596 -402.291 3.59661
49500 25.2575 -402.171 3.59475
49600 25.3556 -401.739 3.59659
49700 25.4539 -402.267 3.59945
49800 25.5524 -402.679 3.59757
49900 25.6511 -400.843 3.5959
50000 25.75 -402.582 3.59475
50100 25.8491 -401.756 3.5945
50200 25.9484 -402.576 3.59782
50300 26.0479 -401.986 3.59946
50400 26.1476 -402.573 3.60158
50500 26.2475 -402.679 3.60173
50600 26.3476 -402.761 3.59967
50700 26.4479 -402.513 3.59869
50800 26.5483 -402.153 3.59819
50900 26.649 -401.872 3.59827
51000 26.7499 -401.961 3.5988
51100 26.851 -402.104 3.59736
51200 26.9523 -402.271 3.59765
51300 27.0537 -402.265 3.59324
51400 27.1554 -402.627 3.5931
51500 27.2573 -402.324 3.59185
51600 27.3593 -402.534 3.59223
51700 27.4616 -402.29 3.59479
51800 27.5641 -402.466 3.59831
51900 27.6667 -402.542 3.59651
52000 27.7696 -402.674 3.59621
52100 27.8727 -402.886 3.5987
52200 27.9759 -402.62 3.5998
52300 28.0794 -402.164 3.59836
52400 28.183 -402.465 3.59742
52500 28.2869 -402.127 3.59787
52600 28.3909 -402.004 3.59414
52700 28.4952 -402.453 3.5948
52800 28.5996 -402.389 3.59412
52900 28.7043 -402.7 3.59167
53000 28.8091 -402.364 3.59099
53100 28.9141 -402.521 3.59178
53200 29.0194 -402.527 3.59283
53300 29.1248 -402.029 3.59503
53400 29.2304 -402.684 3.59737
53500 29.3363 -402.542 3.60086
53600 29.4423 -402.61 3.60102
53700 29.5485 -402.656 3.60236
53800 29.655 -402.435 3.6046
53900 29.7616 -402.582 3.60606
54000 29.8684 -402.839 3.60717
54100 29.9754 -402.838 3.60649
54200 30.0826 -402.625 3.60859
54300 30.1901 -402.601 3.6056
54400 30.2977 -403.08 3.60949
54500 30.4055 -402.539 3.60796
54600 30.5135 -402.986 3.60802
54700 30.6217 -402.765 3.61032
54800 30.7301 -403.13 3.60956
54900 30.8387 -403.308 3.60763
55000 30.9475 -403.001 3.60922
55100 31.0565 -403.218 3.61095
55200 31.1657 -402.85 3.61139
55300 31.2751 -384.882 3.61494
55400 31.3847 -400.772 3.61569
55500 31.4945 -401.871 3.61299
55600 31.6045 -402.1 3.61317
55700 31.7147 -402.392 3.61411
55800 31.825 -402.768 3.61424
55900 31.9356 -402.589 3.622
56000 32.0464 -402.752 3.62122
56100 32.1574 -402.324 3.62308
56200 32.2686 -402.866 3.62423
56300 32.3799 -399.947 3.62375
56400 32.4915 -399.44 3.62639
56500 32.6033 -401.589 3.62691
56600 32.7152 -401.961 3.62343
56700 32.8274 -402.271 3.6227
56800 32.9398 -402.18 3.62305
56900 33.0523 -402.209 3.6259
57000 33.1651 -401.905 3.62426
57100 33.2781 -402.315 3.6253
57200 33.3912 -402.279 3.62293
57300 33.5046 -402.291 3.62152
57400 33.6181 -402.221 3.6211
57500 33.7319 -402.79 3.62308
57600 33.8458 -402.158 3.62435
57700 33.96 -401.932 3.62299
57800 34.0743 -402.148 3.62089
57900 34.1889 -402.432 3.61986
58000 34.3036 -401.999 3.61623
58100 34.4185 -402.064 3.614
58200 34.5337 -401.83 3.61393
58300 34.649 -401.023 3.61184
58400 34.7645 -402.426 3.61286
58500 34.8803 -402.149 3.61336
58600 34.9962 -398.663 3.6077
58700 35.1123 -400.525 3.60698
58800 35.2287 -400.841 3.60639
58900 35.3452 -401.575 3.60517
59000 35.4619 -401.978 3.60539
59100 35.5788 -401.678 3.60743
59200 35.6959 -401.705 3.60499
59300 35.8133 -401.764 3.60814
59400 35.9308 -401.344 3.60952
59500 36.0485 -401.648 3.61126
59600 36.1664 -401.251 3.61083
59700 36.2845 -401.711 3.6106
59800 36.4028 -401.794 3.6083
59900 36.5213 -401.859 3.60717
60000 36.64 -401.859 3.60841
60100 36.7589 -401.698 3.61037
60200 36.878 -401.708 3.6083
60300 36.9973 -402.103 3.60763
60400 37.1168 -401.544 3.61112
60500 37.2365 -402.194 3.61144
60600 37.3564 -402.01 3.61
60700 37.4765 -402.147 3.61266
60800 37.5967 -401.855 3.61242
60900 37.7172 -401.997 3.61247
61000 37.8379 -401.799 3.61295
61100 37.9588 -402.209 3.61285
61200 38.0799 -402.009 3.61386
61300 38.2011 -402.023 3.61481
61400 38.3226 -401.45 3.61348
61500 38.4443 -401.936 3.61144
61600 38.5661 -402.042 3.60988
61700 38.6882 -401.885 3.61028
61800 38.8105 -401.618 3.61283
61900 38.9329 -401.88 3.61393
62000 39.0556 -379.913 3.61722
62100 39.1785 -384.488 3.61869
62200 39.3015 -385.233 3.61991
62300 39.4248 -381.934 3.62026
62400 39.5482 -402.191 3.61748
62500 39.6719 -403.043 3.61632
62600 39.7957 -402.724 3.61784
62700 39.9198 -402.644 3.61749
62800 40.044 -402.8 3.61807
62900 40.1685 -402.92 3.62284
63000 40.2931 -402.834 3.62513
63100 40.4179 -402.392 3.62215
63200 40.543 -402.742 3.61937
63300 40.6682 -402.562 3.61941
63400 40.7936 -402.659 3.62018
63500 40.9193 -402.79 3.62129
63600 41.0451 -402.695 3.61804
63700 41.1711 -403.15 3.6177
63800 41.2974 -402.937 3.61524
63900 41.4238 -402.992 3.61562
64000 41.5504 -403.045 3.61274
64100 41.6772 -403.069 3.61511
64200 41.8042 -402.793 3.61496
64300 41.9315 -403.119 3.61695
64400 42.0589 -402.858 3.62087
64500 42.1865 -402.938 3.62046
64600 42.3143 -402.791 3.62292
64700 42.4423 -402.567 3.62646
64800 42.5705 -402.973 3.62542
64900 42.6989 -402.948 3.62711
65000 42.8275 -402.72 3.62732
65100 42.9563 -402.583 3.62464
65200 43.0853 -403.183 3.6237
65300 43.2145 -402.959 3.6219
65400 43.3439 -402.806 3.62263
65500 43.4735 -402.673 3.62403
65600 43.6033 -402.448 3.62478
65700 43.7333 -402.563 3.62361
65800 43.8634 -402.986 3.62198
65900 43.9938 -402.885 3.62499
66000 44.1244 -402.805 3.62439
66100 44.2552 -402.999 3.62261
66200 44.3862 -403.184 3.62052
66300 44.5173 -403.213 3.61873
66400 44.6487 -403.086 3.61899
66500 44.7803 -403.19 3.62042
66600 44.912 -403.147 3.61871
66700 45.044 -403.136 3.61767
66800 45.1762 -402.835 3.61663
66900 45.3085 -402.967 3.61889
67000 45.4411 -403.322 3.61685
67100 45.5739 -402.294 3.6162
67200 45.7068 -402.923 3.61739
67300 45.84 -402.771 3.61882
67400 45.9733 -403.276 3.62055
67500 46.1069 -402.823 3.62257
67600 46.2406 -402.627 3.61948
67700 46.3746 -402.701 3.61838
67800 46.5087 -402.673 3.61852
67900 46.6431 -403.124 3.61699
68000 46.7776 -402.598 3.61874
68100 46.9123 -402.537 3.62123
68200 47.0473 -403.024 3.62093
68300 47.1824 -403.062 3.62058
68400 47.3177 -403.071 3.6182
68500 47.4533 -402.935 3.61497
68600 47.589 -403.163 3.61354
68700 47.7249 -403.141 3.61216
68800 47.8611 -402.719 3.61559
68900 47.9974 -402.775 3.6148
69000 48.1339 -403.192 3.61892
69100 48.2706 -403.241 3.61874
69200 48.4075 -403.066 3.62381
69300 48.5447 -403.244 3.62688
69400 48.682 -402.925 3.62597
69500 48.8195 -403.253 3.62633
69600 48.9572 -403.093 3.6224
69700 49.0951 -402.92 3.62229
69800 49.2332 -403.189 3.62361
69900 49.3715 -403.202 3.61871
70000 49.51 -402.848 3.62034
70100 49.6487 -402.903 3.61711
70200 49.7876 -403.172 3.61835
70300 49.9267 -403.081 3.6156
70400 50.066 -403.319 3.61748
70500 50.2055 -403.047 3.61478
70600 50.3452 -403.063 3.61637
70700 50.4851 -402.873 3.61833
70800 50.6251 -402.639 3.6189
70900 50.7654 -403.03 3.61766
71000 50.9059 -403.347 3.61435
71100 51.0466 -403.076 3.61391
71200 51.1875 -403.069 3.6138
71300 51.3285 -403.188 3.61507
71400 51.4698 -403.179 3.61503
71500 51.6113 -403.281 3.61416
71600 51.7529 -402.292 3.61795
71700 51.8948 -403.048 3.61847
71800 52.0369 -403.118 3.62077
71900 52.1791 -403.019 3.6218
72000 52.3216 -403.232 3.62024
72100 52.4643 -403.103 3.62303
72200 52.6071 -403.208 3.62261
72300 52.7502 -403.022 3.62174
72400 52.8934 -403.136 3.62527
72500 53.0369 -402.869 3.62361
72600 53.1805 -403.193 3.62133
72700 53.3244 -403.384 3.62239
72800 53.4684 -403.277 3.62214
72900 53.6127 -403.204 3.62398
73000 53.7571 -403.335 3.61888
73100 53.9017 -403.399 3.62167
73200 54.0466 -390.87 3.6231
73300 54.1916 -397.58 3.62461
73400 54.3368 -398.127 3.62657
73500 54.4823 -399.956 3.62788
73600 54.6279 -402.289 3.62554
73700 54.7737 -403.431 3.62311
73800 54.9198 -403.435 3.62337
73900 55.066 -403.73 3.62531
74000 55.2124 -403.174 3.62523
74100 55.359 -400.105 3.6253
74200 55.5058 -400.774 3.62241
74300 55.6529 -401.284 3.62423
74400 55.8001 -401.294 3.62576
74500 55.9475 -376.444 3.62467
74600 56.0951 -399.736 3.62658
74700 56.2429 -400.096 3.62724
74800 56.3909 -400.395 3.63172
74900 56.5391 -400.74 3.63381
75000 56.6875 -401 3.63544
75100 56.8361 -401.04 3.63362
75200 56.9849 -400.91 3.63428
75300 57.1339 -401.165 3.63748
75400 57.2831 -400.792 3.63662
75500 57.4325 -401.053 3.63701
75600 57.5821 -401.33 3.63961
75700 57.7319 -401.206 3.64194
75800 57.8818 -401.381 3.6418
75900 58.032 -401.187 3.63791
76000 58.1824 -400.952 3.64345
76100 58.333 -401.069 3.64598
76200 58.4838 -401.462 3.64988
76300 58.6347 -401.391 3.65169
76400 58.7859 -401.43 3.65102
76500 58.9373 -401.437 3.64865
76600 59.0888 -401.308 3.64749
76700 59.2406 -401.585 3.64728
76800 59.3926 -401.689 3.64813
76900 59.5447 -401.395 3.65291
77000 59.6971 -401.337 3.65152
77100 59.8497 -401.877 3.65483
77200 60.0024 -401.696 3.6512
77300 60.1554 -401.773 3.65221
77400 60.3085 -401.786 3.65122
77500 60.4619 -401.346 3.65079
77600 60.6154 -400.975 3.65044
77700 60.7692 -401.202 3.6542
77800 60.9231 -401.686 3.65733
77900 61.0773 -401.61 3.65753
78000 61.2316 -401.408 3.6571
78100 61.3861 -401.344 3.65981
78200 61.5409 -401.644 3.65785
78300 61.6958 -401.49 3.66009
78400 61.8509 -401.532 3.659
78500 62.0063 -401.372 3.65932
78600 62.1618 -401.613 3.66134
78700 62.3175 -401.657 3.66149
78800 62.4735 -401.846 3.66454
78900 62.6296 -401.125 3.66522
79000 62.7859 -401.283 3.66968
79100 62.9424 -401.299 3.66868
79200 63.0991 -401.637 3.67004
79300 63.2561 -401.892 3.66809
79400 63.4132 -401.763 3.67129
79500 63.5705 -394.82 3.67353
79600 63.728 -399.825 3.6722
79700 63.8857 -400.092 3.67344
79800 64.0436 -400.614 3.67835
79900 64.2017 -400.464 3.67868
80000 64.36 -400.223 3.67754
80100 64.5185 -400.253 3.67578
80200 64.6772 -400.203 3.67667
80300 64.8361 -400.334 3.67622
80400 64.9952 -400.671 3.67558
80500 65.1545 -400.557 3.67665
80600 65.314 -400.467 3.67496
80700 65.4737 -400.706 3.67381
80800 65.6335 -400.908 3.67337
80900 65.7936 -400.813 3.67006
81000 65.9539 -400.712 3.6694
81100 66.1144 -400.821 3.67046
81200 66.2751 -400.723 3.67156
81300 66.4359 -400.636 3.67109
81400 66.597 -400.6 3.67368
81500 66.7583 -400.858 3.67332
81600 66.9197 -400.914 3.66931
81700 67.0814 -401.014 3.66972
81800 67.2433 -400.966 3.67008
81900 67.4053 -400.848 3.67048
82000 67.5676 -400.75 3.67207
82100 67.7301 -400.693 3.67132
82200 67.8927 -400.843 3.67408
82300 68.0556 -400.968 3.67411
82400 68.2186 -401.177 3.66922
82500 68.3819 -401.115 3.67277
82600 68.5453 -401.09 3.67556
82700 68.709 -401.019 3.67388
82800 68.8728 -401.045 3.67727
82900 69.0369 -400.8 3.67578
83000 69.2011 -401.062 3.6753
83100 69.3655 -401.33 3.67608
83200 69.5302 -401.318 3.67475
83300 69.695 -401.18 3.67481
83400 69.86 -401.273 3.67229
83500 70.0253 -401.35 3.67158
83600 70.1907 -401.497 3.67201
83700 70.3563 -401.359 3.67239
83800 70.5222 -401.591 3.67352
83900 70.6882 -401.708 3.67455
84000 70.8544 -401.721 3.67638
84100 71.0208 -401.679 3.6738
84200 71.1874 -401.586 3.67294
84300 71.3543 -401.325 3.67418
84400 71.5213 -401.566 3.67545
84500 71.6885 -401.407 3.67535
84600 71.8559 -401.481 3.67684
84700 72.0235 -402.479 3.67696
84800 72.1913 -402.79 3.67397
84900 72.3593 -402.577 3.67426
85000 72.5275 -402.516 3.67303
85100 72.6959 -402.246 3.67383
85200 72.8645 -402.584 3.67477
85300 73.0333 -402.609 3.67306
85400 73.2023 -402.531 3.67191
85500 73.3715 -401.659 3.67399
85600 73.5409 -402.816 3.67365
85700 73.7105 -402.818 3.67455
85800 73.8802 -402.978 3.67486
85900 74.0502 -402.826 3.67261
86000 74.2204 -402.389 3.67256
86100 74.3908 -402.427 3.67224
86200 74.5614 -402.601 3.67382
86300 74.7321 -402.66 3.67229
86400 74.9031 -402.744 3.67349
86500 75.0743 -402.807 3.67243
86600 75.2456 -402.933 3.67665
86700 75.4172 -402.728 3.68099
86800 75.589 -403.005 3.67984
86900 75.7609 -402.911 3.68024
87000 75.9331 -402.296 3.68502
87100 76.1055 -402.772 3.6837
87200 76.278 -402.839 3.68323
87300 76.4508 -402.86 3.68005
87400 76.6237 -402.907 3.68025
87500 76.7969 -402.866 3.68195
87600 76.9702 -403.142 3.68239
87700 77.1438 -403.051 3.67974
87800 77.3175 -403.1 3.67836
87900 77.4915 -401.701 3.67782
88000 77.6656 -402.088 3.67781
88100 77.8399 -402.634 3.67759
88200 78.0145 -400.756 3.67696
88300 78.1892 -402.981 3.67659
88400 78.3641 -403.245 3.67675
88500 78.5393 -403.401 3.67467
88600 78.7146 -403.33 3.67174
88700 78.8901 -403.674 3.67252
88800 79.0659 -403.517 3.6721
88900 79.2418 -403.918 3.67132
89000 79.4179 -403.71 3.67432
89100 79.5942 -403.785 3.67579
89200 79.7707 -403.956 3.67443
89300 79.9475 -403.692 3.67762
89400 80.1244 -403.509 3.67634
89500 80.3015 -403.117 3.68129
89600 80.4788 -403.746 3.68045
89700 80.6563 -403.71 3.67884
89800 80.834 -402.47 3.67872
89900 81.0119 -403.094 3.67797
90000 81.19 -403.529 3.67703
90100 81.3683 -403.587 3.68048
90200 81.5468 -403.596 3.68298
90300 81.7255 -403.656 3.68053
90400 81.9044 -403.529 3.67931
90500 82.0835 -403.322 3.67955
90600 82.2628 -403.459 3.67787
90700 82.4423 -403.466 3.67985
90800 82.6219 -403.471 3.68209
90900 82.8018 -403.291 3.68113
91000 82.9819 -403.566 3.68386
91100 83.1622 -403.415 3.68296
91200 83.3427 -403.716 3.68261
91300 83.5233 -403.571 3.68118
91400 83.7042 -403.627 3.68282
91500 83.8853 -403.375 3.68228
91600 84.0665 -403.586 3.68302
91700 84.248 -403.592 3.68337
91800 84.4297 -403.483 3.68566
91900 84.6115 -403.516 3.68594
92000 84.7936 -403.301 3.68531
92100 84.9759 -403.419 3.68427
92200 85.1583 -403.208 3.6836
92300 85.341 -403.406 3.6839
92400 85.5238 -403.461 3.68162
92500 85.7069 -403.476 3.67971
92600 85.8901 -403.397 3.67581
92700 86.0736 -403.67 3.6719
92800 86.2572 -403.621 3.67282
92900 86.4411 -403.554 3.67555
93000 86.6251 -403.667 3.67496
93100 86.8093 -403.567 3.67192
93200 86.9938 -403.493 3.67466
93300 87.1784 -403.683 3.67457
93400 87.3632 -403.776 3.67432
93500 87.5483 -403.758 3.67518
93600 87.7335 -403.758 3.67256
93700 87.9189 -403.642 3.67068
93800 88.1046 -403.576 3.67442
93900 88.2904 -403.753 3.67315
94000 88.4764 -405.104 3.67598
94100 88.6626 -405.247 3.68033
94200 88.849 -405.464 3.67977
94300 89.0357 -405.196 3.67769
94400 89.2225 -405.511 3.67767
94500 89.4095 -405.286 3.67736
94600 89.5967 -405.442 3.6771
94700 89.7841 -405.383 3.67929
94800 89.9717 -405.34 3.67802
94900 90.1595 -405.307 3.68047
95000 90.3475 -405.435 3.68019
95100 90.5357 -405.391 3.67826
95200 90.7241 -405.391 3.67715
95300 90.9127 -405.239 3.6775
95400 91.1015 -405.458 3.67618
95500 91.2905 -405.573 3.67473
95600 91.4797 -405.441 3.67669
95700 91.6691 -405.505 3.67762
95800 91.8586 -405.517 3.673
95900 92.0484 -405.288 3.67532
96000 92.2384 -405.497 3.67873
96100 92.4286 -405.353 3.68211
96200 92.619 -405.318 3.68011
96300 92.8095 -405.328 3.67743
96400 93.0003 -405.296 3.67898
96500 93.1913 -405.02 3.68144
96600 93.3824 -405.069 3.68174
96700 93.5738 -405.293 3.67993
96800 93.7654 -405.203 3.67645
96900 93.9571 -405.166 3.68009
97000 94.1491 -405.354 3.68187
97100 94.3413 -405.65 3.67809
97200 94.5336 -405.586 3.6733
97300 94.7262 -405.274 3.67629
97400 94.9189 -405.707 3.67912
97500 95.1119 -405.626 3.68122
97600 95.305 -405.695 3.67846
97700 95.4984 -405.502 3.68229
97800 95.6919 -405.651 3.68645
97900 95.8857 -405.458 3.68669
98000 96.0796 -405.296 3.68437
98100 96.2737 -405.494 3.68414
98200 96.4681 -405.389 3.68206
98300 96.6626 -405.193 3.68614
98400 96.8573 -405.302 3.68453
98500 97.0523 -405.663 3.68328
98600 97.2474 -405.364 3.68213
98700 97.4427 -405.605 3.68247
98800 97.6383 -405.516 3.68187
98900 97.834 -405.683 3.68289
99000 98.0299 -405.288 3.68704
99100 98.226 -405.438 3.6854
99200 98.4223 -405.29 3.68629
99300 98.6189 -405.235 3.68561
99400 98.8156 -405.201 3.68696
99500 99.0125 -405.447 3.6864
99600 99.2096 -405.443 3.68689
99700 99.4069 -405.311 3.69331
99800 99.6044 -404.883 3.69432
99900 99.8021 -405.257 3.6948
100000 100 -405.314 3.69368
