100 25.0063 2097.55 2.50531
200 25.0155 2002.88 2.51285
300 25.0263 1957.74 2.51895
400 25.0382 1954.64 2.52611
500 25.051 1926.57 2.53148
600 25.0646 1894.43 2.53878
700 25.079 1869.34 2.54561
800 25.094 1836.13 2.55289
900 25.1095 1812.3 2.5592
1000 25.1256 1779.72 2.56619
1100 25.1422 1755.98 2.57371
1200 25.1592 1738.23 2.57971
1300 25.1766 1721.25 2.58683
1400 25.1945 1696.32 2.59379
1500 25.2128 1679.53 2.60093
1600 25.2314 1657.63 2.60733
1700 25.2504 1639.42 2.61299
1800 25.2697 1623.54 2.61835
1900 25.2893 1606.93 2.62486
2000 25.3092 1588.65 2.63014
2100 25.3295 1576.37 2.63553
2200 25.35 1558.19 2.64238
2300 25.3709 1540.91 2.6496
2400 25.392 1521.4 2.65747
2500 25.4133 1505.39 2.6636
2600 25.4349 1491.24 2.66994
2700 25.4568 1476.19 2.67614
2800 25.4789 1462.97 2.68159
2900 25.5013 1445.94 2.68807
3000 25.5239 1426.86 2.69672
3100 25.5467 1414.77 2.7026
3200 25.5697 1401.99 2.70833
3300 25.593 1391.44 2.71342
3400 25.6164 1379.01 2.71976
3500 25.6401 1366.72 2.72501
3600 25.664 1350.67 2.73146
3700 25.6881 1336.54 2.73865
3800 25.7123 1325.05 2.74697
3900 25.7368 1309.99 2.75372
4000 25.7615 1299.07 2.75906
4100 25.7863 1277.98 2.76612
4200 25.8113 1265.51 2.77211
4300 25.8365 1255.55 2.77786
4400 25.8619 1237.15 2.78507
4500 25.8875 1227.12 2.79115
4600 25.9132 1219.97 2.79819
4700 25.9391 1202.26 2.80433
4800 25.9651 1187.45 2.81218
4900 25.9913 1174.4 2.8195
5000 26.0177 1166.01 2.8247
5100 26.0443 1142.62 2.83267
5200 26.071 1129.17 2.83925
5300 26.0978 1120.28 2.84668
5400 26.1248 1100.23 2.8535
5500 26.152 1090.57 2.86089
5600 26.1793 1074.94 2.86888
5700 26.2067 1069.46 2.87434
5800 26.2343 1052 2.88052
5900 26.2621 1042.03 2.8872
6000 26.2899 1027.3 2.89457
6100 26.3179 1023.42 2.90169
6200 26.3461 1006.41 2.90979
6300 26.3744 992.051 2.91652
6400 26.4028 974.981 2.92578
6500 26.4314 971.048 2.93158
6600 26.4601 954.531 2.93808
6700 26.4889 935.46 2.94398
6800 26.5179 927.499 2.95054
6900 26.5469 918.331 2.95815
7000 26.5761 904.559 2.96637
7100 26.6055 898.991 2.97359
7200 26.6349 885.757 2.98173
7300 26.6645 872.378 2.98953
7400 26.6942 863.663 2.99669
7500 26.724 842.832 3.00372
7600 26.754 832.27 3.01325
7700 26.7841 816.519 3.02102
7800 26.8142 809.703 3.02944
7900 26.8445 787.349 3.03585
8000 26.8749 782.324 3.04209
8100 26.9055 770.276 3.04877
8200 26.9361 754.567 3.05813
8300 26.9669 734.476 3.06596
8400 26.9977 734.09 3.07369
8500 27.0287 712.883 3.08118
8600 27.0598 716.685 3.09025
8700 27.091 713.799 3.0961
8800 27.1223 699.395 3.10395
8900 27.1537 686.627 3.11174
9000 27.1852 678.679 3.11888
9100 27.2168 660.434 3.12682
9200 27.2485 655.574 3.13522
9300 27.2803 651.517 3.14138
9400 27.3123 637.059 3.14855
9500 27.3443 643.239 3.15608
9600 27.3764 613.831 3.16297
9700 27.4086 592.505 3.17005
9800 27.441 577.98 3.17733
9900 27.4734 573.314 3.18626
10000 27.5059 596.534 3.19351
10100 27.5386 575.65 3.20102
10200 27.5713 525.92 3.20941
10300 27.6041 531.7 3.21655
10400 27.637 512.084 3.22355
10500 27.67 483.022 3.23188
10600 27.7031 501.098 3.24145
10700 27.7363 482.785 3.24886
10800 27.7696 451.911 3.25792
10900 27.803 474.188 3.26756
11000 27.8365 405.133 3.27641
11100 27.8701 436.528 3.2847
11200 27.9037 387.443 3.2922
11300 27.9375 314.946 3.30143
11400 27.9713 280.579 3.30875
11500 28.0052 166.67 3.31672
11600 28.0392 18.8794 3.32498
11700 28.0733 -220.841 3.33246
11800 28.1075 -186.584 3.3358
11900 28.1418 -177.102 3.34054
12000 28.1762 -323.841 3.34506
12100 28.2106 -339.098 3.34874
12200 28.2452 -346.234 3.35106
12300 28.2798 -370.821 3.35671
12400 28.3145 -373.656 3.36091
12500 28.3493 -373.178 3.36504
12600 28.3842 -375.462 3.36783
12700 28.4191 -376.348 3.37176
12800 28.4542 -389.823 3.3756
12900 28.4893 -392.212 3.38006
13000 28.5245 -392.773 3.38392
13100 28.5598 -392.431 3.39034
13200 28.5951 -394.273 3.39392
13300 28.6306 -327.264 3.39673
13400 28.6661 -387.89 3.39998
13500 28.7017 -391.764 3.40381
13600 28.7374 -393.826 3.40454
13700 28.7732 -394.423 3.4051
13800 28.809 -394.761 3.40734
13900 28.8449 -395.08 3.41242
14000 28.8809 -395.341 3.41752
14100 28.917 -398.382 3.41946
14200 28.9532 -398.201 3.42125
14300 28.9894 -398.66 3.42649
14400 29.0257 -398.927 3.42967
14500 29.0621 -399.664 3.43449
14600 29.0985 -399.562 3.43661
14700 29.1351 -399.984 3.44063
14800 29.1717 -400.25 3.44513
14900 29.2084 -400.444 3.44466
15000 29.2451 -400.772 3.44768
15100 29.2819 -400.928 3.45236
15200 29.3188 -401.063 3.45347
15300 29.3558 -398.696 3.45429
15400 29.3929 -399.075 3.45537
15500 29.43 -399.061 3.45409
15600 29.4672 -398.759 3.45875
15700 29.5044 -399.311 3.46058
15800 29.5418 -399.101 3.46528
15900 29.5792 -398.775 3.46807
16000 29.6166 -399.39 3.47173
16100 29.6542 -398.075 3.47569
16200 29.6918 -399.029 3.48
16300 29.7295 -388.541 3.48726
16400 29.7672 -396.14 3.49101
16500 29.8051 -397.136 3.49247
16600 29.843 -397.248 3.49255
16700 29.8809 -397.768 3.49228
16800 29.9189 -398.176 3.49486
16900 29.957 -397.59 3.49469
17000 29.9952 -398.774 3.50287
17100 30.0334 -398.782 3.50691
17200 30.0717 -398.528 3.50881
17300 30.1101 -398.847 3.50829
17400 30.1485 -399.35 3.50987
17500 30.187 -397.767 3.51158
17600 30.2256 -399.252 3.51442
17700 30.2642 -399.21 3.51802
17800 30.3029 -399.117 3.51726
17900 30.3417 -399.487 3.52061
18000 30.3805 -399.628 3.52289
18100 30.4194 -399.852 3.52281
18200 30.4584 -399.949 3.52499
18300 30.4974 -400.276 3.52565
18400 30.5365 -400.288 3.52902
18500 30.5756 -399.328 3.53016
18600 30.6148 -400.894 3.53368
18700 30.6541 -400.405 3.53421
18800 30.6934 -400.44 3.53295
18900 30.7328 -400.139 3.53208
19000 30.7723 -400.046 3.53454
19100 30.8118 -392.987 3.53707
19200 30.8514 -397.199 3.5394
19300 30.8911 -398.164 3.54055
19400 30.9308 -395.272 3.54132
19500 30.9706 -399.809 3.53955
19600 31.0104 -399.157 3.54222
19700 31.0503 -399.891 3.54307
19800 31.0902 -400.254 3.54221
19900 31.1303 -399.777 3.54206
20000 31.1703 -400.268 3.545
20100 31.2105 -400.417 3.54385
20200 31.2507 -400.44 3.54681
20300 31.2909 -400.112 3.54675
20400 31.3312 -400.507 3.55258
20500 31.3716 -400.728 3.55427
20600 31.4121 -400.804 3.55407
20700 31.4526 -401.222 3.55565
20800 31.4931 -400.71 3.55801
20900 31.5337 -400.708 3.55603
21000 31.5744 -400.675 3.55773
21100 31.6151 -400.768 3.55907
21200 31.6559 -400.523 3.56208
21300 31.6967 -401.122 3.5645
21400 31.7376 -401.071 3.56404
21500 31.7786 -401.403 3.56614
21600 31.8196 -401.052 3.569
21700 31.8607 -396.958 3.57451
21800 31.9018 -400.511 3.57328
21900 31.943 -400.495 3.57308
22000 31.9842 -401.214 3.5781
22100 32.0255 -400.661 3.5781
22200 32.0669 -400.598 3.57562
22300 32.1083 -400.668 3.57598
22400 32.1498 -400.439 3.57923
22500 32.1913 -400.487 3.58076
22600 32.2329 -399.432 3.58544
22700 32.2745 -402.756 3.59108
22800 32.3162 -403.412 3.59063
22900 32.3579 -403.616 3.59219
23000 32.3997 -403.849 3.59613
23100 32.4416 -403.388 3.59819
23200 32.4835 -403.508 3.59928
23300 32.5255 -401.831 3.60166
23400 32.5675 -401.357 3.60561
23500 32.6095 -402.611 3.60398
23600 32.6517 -402.782 3.60417
23700 32.6938 -324.382 3.60393
23800 32.7361 -383.582 3.60999
23900 32.7783 -393.249 3.60954
24000 32.8207 -399.925 3.61272
24100 32.8631 -402.618 3.61523
24200 32.9055 -403.918 3.6168
24300 32.948 -405.398 3.61629
24400 32.9906 -405.637 3.61675
24500 33.0332 -406.149 3.61946
24600 33.0758 -406.491 3.62358
24700 33.1185 -406.579 3.62223
24800 33.1613 -406.597 3.623
24900 33.2041 -406.921 3.62081
25000 33.2469 -406.87 3.61624
25100 33.2898 -406.861 3.61471
25200 33.3328 -407.219 3.6173
25300 33.3758 -407.143 3.61841
25400 33.4189 -407.388 3.62086
25500 33.462 -407.389 3.6259
25600 33.5051 -407.076 3.62401
25700 33.5484 -406.828 3.62126
25800 33.5916 -407.215 3.62204
25900 33.6349 -406.764 3.6218
26000 33.6783 -406.782 3.62298
26100 33.7217 -406.877 3.62477
26200 33.7652 -406.894 3.62811
26300 33.8087 -406.706 3.63098
26400 33.8523 -406.754 3.63332
26500 33.8959 -404.397 3.63112
26600 33.9396 -405.655 3.6272
26700 33.9833 -405.961 3.62896
26800 34.027 -406.04 3.63045
26900 34.0708 -406.252 3.62983
27000 34.1147 -405.928 3.63079
27100 34.1586 -405.983 3.63344
27200 34.2026 -406.264 3.63511
27300 34.2466 -406.614 3.63296
27400 34.2906 -406.225 3.63143
27500 34.3347 -403.31 3.62922
27600 34.3789 -406.111 3.62886
27700 34.4231 -406.429 3.62758
27800 34.4673 -406.689 3.62736
27900 34.5116 -406.716 3.62877
28000 34.556 -406.518 3.62819
28100 34.6004 -406.391 3.62894
28200 34.6448 -407.051 3.6328
28300 34.6893 -406.451 3.62924
28400 34.7338 -406.328 3.62975
28500 34.7784 -406.752 3.63155
28600 34.823 -406.85 3.62888
28700 34.8677 -406.639 3.63191
28800 34.9124 -406.31 3.63199
28900 34.9572 -406.187 3.631
29000 35.002 -406.102 3.63088
29100 35.0469 -406.105 3.629
29200 35.0918 -406.347 3.62829
29300 35.1367 -406.38 3.63145
29400 35.1817 -406.522 3.63154
29500 35.2268 -406.63 3.63226
29600 35.2719 -405.876 3.63162
29700 35.317 -406.549 3.63713
29800 35.3622 -406.506 3.63926
29900 35.4074 -406.51 3.63957
30000 35.4527 -406.581 3.64008
30100 35.498 -407.029 3.63889
30200 35.5434 -406.557 3.64056
30300 35.5888 -406.428 3.63971
30400 35.6342 -406.662 3.63808
30500 35.6797 -406.38 3.64037
30600 35.7253 -406.596 3.63813
30700 35.7708 -406.607 3.63692
30800 35.8165 -406.971 3.63377
30900 35.8622 -406.859 3.63605
31000 35.9079 -406.661 3.63756
31100 35.9536 -406.822 3.63565
31200 35.9995 -406.805 3.63526
31300 36.0453 -407.073 3.63548
31400 36.0912 -406.669 3.63193
31500 36.1371 -406.444 3.63248
31600 36.1831 -406.663 3.63188
31700 36.2292 -406.062 3.63321
31800 36.2752 -401.062 3.6329
31900 36.3213 -369.781 3.63488
32000 36.3675 -403.373 3.63159
32100 36.4137 -403.614 3.62834
32200 36.4599 -401.877 3.62688
32300 36.5062 -402.924 3.6273
32400 36.5526 -406.006 3.63007
32500 36.5989 -406.407 3.63175
32600 36.6454 -406.861 3.63161
32700 36.6918 -406.925 3.63031
32800 36.7383 -406.987 3.6369
32900 36.7849 -406.912 3.63633
33000 36.8315 -406.417 3.63692
33100 36.8781 -406.874 3.63639
33200 36.9248 -406.77 3.63587
33300 36.9715 -407.098 3.63671
33400 37.0182 -404.79 3.63635
33500 37.065 -406.796 3.63981
33600 37.1119 -406.22 3.63993
33700 37.1587 -406.745 3.63969
33800 37.2057 -406.96 3.63901
33900 37.2526 -406.954 3.64161
34000 37.2996 -407.261 3.64437
34100 37.3467 -407.019 3.64494
34200 37.3938 -407.034 3.64452
34300 37.4409 -407.221 3.64434
34400 37.4881 -406.593 3.64449
34500 37.5353 -407.237 3.64559
34600 37.5826 -407.399 3.64437
34700 37.6299 -407.464 3.64202
34800 37.6772 -407.602 3.64348
34900 37.7246 -407.056 3.64535
35000 37.772 -406.758 3.64698
35100 37.8194 -404.576 3.64675
35200 37.8669 -406.3 3.64526
35300 37.9145 -406.753 3.64334
35400 37.9621 -406.85 3.64667
35500 38.0097 -407.028 3.64571
35600 38.0573 -406.932 3.64444
35700 38.1051 -407.424 3.64147
35800 38.1528 -407.155 3.63927
35900 38.2006 -407.251 3.63805
36000 38.2484 -407.064 3.63784
36100 38.2963 -407.167 3.64013
36200 38.3442 -407.832 3.64162
36300 38.3921 -407.464 3.64083
36400 38.4401 -405.551 3.64343
36500 38.4881 -406.758 3.64258
36600 38.5362 -407.313 3.64356
36700 38.5843 -406.881 3.64303
36800 38.6324 -407.166 3.64758
36900 38.6806 -407.377 3.64875
37000 38.7288 -407.517 3.6483
37100 38.777 -407.181 3.65126
37200 38.8253 -407.051 3.65521
37300 38.8737 -407.165 3.65621
37400 38.922 -406.76 3.65358
37500 38.9705 -407.279 3.65299
37600 39.0189 -405.775 3.65329
37700 39.0674 -406.736 3.65398
37800 39.1159 -406.696 3.65251
37900 39.1645 -407.363 3.6569
38000 39.2131 -407.382 3.6607
38100 39.2617 -407.333 3.65979
38200 39.3104 -406.098 3.65675
38300 39.3591 -407.145 3.65675
38400 39.4079 -406.923 3.65777
38500 39.4567 -407.305 3.65706
38600 39.5055 -407.416 3.66056
38700 39.5544 -406.577 3.66168
38800 39.6033 -407.083 3.66366
38900 39.6523 -407.1 3.66252
39000 39.7012 -406.784 3.66249
39100 39.7503 -406.823 3.65927
39200 39.7993 -406.828 3.65768
39300 39.8484 -406.75 3.65798
39400 39.8976 -407.227 3.65693
39500 39.9467 -407.156 3.65805
39600 39.9959 -407.31 3.65764
39700 40.0452 -407.334 3.65725
39800 40.0945 -407.413 3.65768
39900 40.1438 -407.813 3.65737
40000 40.1932 -403.778 3.65684
40100 40.2426 -405.881 3.65793
40200 40.292 -406.898 3.65918
40300 40.3415 -407.18 3.66108
40400 40.391 -407.383 3.65958
40500 40.4405 -407.383 3.66134
40600 40.4901 -407.099 3.66075
40700 40.5397 -407.117 3.65863
40800 40.5894 -393.853 3.65836
40900 40.639 -403.669 3.66011
41000 40.6888 -403.954 3.65956
41100 40.7385 -403.987 3.65905
41200 40.7883 -403.771 3.66021
41300 40.8382 -403.871 3.65938
41400 40.888 -404.029 3.65687
41500 40.938 -404.093 3.65754
41600 40.9879 -404.099 3.65998
41700 41.0379 -403.891 3.65916
41800 41.0879 -404.092 3.6609
41900 41.1379 -403.869 3.66323
42000 41.188 -404.175 3.66043
42100 41.2382 -404.3 3.65916
42200 41.2883 -404.42 3.65887
42300 41.3385 -404.421 3.65819
42400 41.3887 -404.363 3.65697
42500 41.439 -404.345 3.6573
42600 41.4893 -404.357 3.6601
42700 41.5396 -404.326 3.66097
42800 41.59 -404.052 3.6596
42900 41.6404 -405.821 3.65864
43000 41.6909 -407.165 3.65486
43100 41.7413 -407.174 3.65663
43200 41.7919 -392.942 3.65969
43300 41.8424 -401.652 3.66034
43400 41.893 -402.418 3.65895
43500 41.9436 -403.493 3.65812
43600 41.9943 -403.592 3.66159
43700 42.045 -403.671 3.66536
43800 42.0957 -403.764 3.66607
43900 42.1464 -404.322 3.66256
44000 42.1972 -404.359 3.66146
44100 42.2481 -401.68 3.66435
44200 42.2989 -401.895 3.66566
44300 42.3498 -402.598 3.66638
44400 42.4007 -402.632 3.66222
44500 42.4517 -402.732 3.66655
44600 42.5027 -402.595 3.67142
44700 42.5537 -402.88 3.67508
44800 42.6048 -402.799 3.6771
44900 42.6559 -402.691 3.67768
45000 42.7071 -402.769 3.67794
45100 42.7582 -402.841 3.68007
45200 42.8094 -402.82 3.6814
45300 42.8607 -402.731 3.67711
45400 42.9119 -402.936 3.67709
45500 42.9632 -402.897 3.67839
45600 43.0146 -402.535 3.67602
45700 43.066 -402.472 3.67589
45800 43.1174 -402.723 3.67425
45900 43.1688 -402.91 3.67028
46000 43.2203 -402.915 3.6732
46100 43.2718 -402.723 3.67409
46200 43.3233 -402.832 3.67292
46300 43.3749 -403.153 3.67452
46400 43.4265 -402.533 3.67534
46500 43.4782 -402.945 3.67703
46600 43.5298 -402.79 3.67799
46700 43.5816 -402.9 3.67681
46800 43.6333 -402.904 3.67412
46900 43.6851 -403.069 3.67879
47000 43.7369 -402.9 3.67696
47100 43.7887 -402.746 3.67922
47200 43.8406 -402.995 3.67827
47300 43.8925 -402.974 3.67912
47400 43.9444 -400.462 3.6783
47500 43.9964 -402.241 3.6792
47600 44.0484 -402.644 3.67951
47700 44.1005 -403.129 3.67903
47800 44.1525 -403.029 3.68064
47900 44.2046 -403.169 3.68096
48000 44.2568 -403.082 3.67978
48100 44.3089 -402.908 3.68099
48200 44.3612 -403.043 3.68213
48300 44.4134 -402.821 3.68167
48400 44.4657 -403.08 3.67984
48500 44.518 -401.942 3.68252
48600 44.5703 -402.132 3.68247
48700 44.6226 -402.181 3.68555
48800 44.675 -402.212 3.68424
48900 44.7275 -402.234 3.68708
49000 44.7799 -402.094 3.68751
49100 44.8324 -402.549 3.68529
49200 44.885 -402.897 3.68563
49300 44.9375 -403.056 3.68406
49400 44.9901 -403.157 3.6873
49500 45.0427 -403.04 3.6875
49600 45.0954 -402.931 3.68741
49700 45.1481 -403.076 3.68726
49800 45.2008 -402.859 3.68807
49900 45.2535 -403.017 3.68622
50000 45.3063 -403.066 3.69038
50100 45.3591 -402.979 3.68896
50200 45.412 -403.038 3.69245
50300 45.4648 -403.031 3.69468
50400 45.5177 -403.008 3.6949
50500 45.5707 -402.834 3.69504
50600 45.6237 -402.411 3.70064
50700 45.6767 -402.829 3.69914
50800 45.7297 -402.741 3.69864
50900 45.7828 -402.953 3.69409
51000 45.8359 -402.916 3.69513
51100 45.889 -403.175 3.69893
51200 45.9421 -402.773 3.70032
51300 45.9953 -403.076 3.69885
51400 46.0485 -400.465 3.70048
51500 46.1018 -403.003 3.69802
51600 46.1551 -403.282 3.69742
51700 46.2084 -403.156 3.70071
51800 46.2617 -402.687 3.70077
51900 46.3151 -402.914 3.69892
52000 46.3685 -402.776 3.69996
52100 46.422 -403.145 3.69852
52200 46.4754 -402.778 3.7005
52300 46.5289 -402.57 3.6989
52400 46.5824 -403.109 3.70013
52500 46.636 -402.878 3.69976
52600 46.6896 -403.177 3.69862
52700 46.7432 -403.051 3.69674
52800 46.7969 -402.813 3.69819
52900 46.8506 -402.92 3.70065
53000 46.9043 -402.771 3.70346
53100 46.958 -402.384 3.70336
53200 47.0118 -402.786 3.70369
53300 47.0656 -403.078 3.71067
53400 47.1194 -402.954 3.71102
53500 47.1733 -330.696 3.70864
53600 47.2272 -394.982 3.7106
53700 47.2811 -396.581 3.71244
53800 47.3351 -396.937 3.715
53900 47.389 -397.737 3.71635
54000 47.4431 -396.907 3.71982
54100 47.4971 -398.172 3.71814
54200 47.5512 -398.77 3.71947
54300 47.6053 -399.299 3.72393
54400 47.6594 -375.692 3.72567
54500 47.7136 -392.75 3.72495
54600 47.7678 -393.81 3.72304
54700 47.822 -394.705 3.72162
54800 47.8762 -395.046 3.72556
54900 47.9305 -395.798 3.72451
55000 47.9848 -396.038 3.72503
55100 48.0392 -395.85 3.72967
55200 48.0936 -396.039 3.72762
55300 48.148 -395.45 3.72691
55400 48.2024 -395.794 3.72697
55500 48.2568 -396.136 3.72838
55600 48.3113 -387.006 3.72856
55700 48.3659 -385.084 3.73363
55800 48.4204 -390.29 3.73406
55900 48.475 -392.563 3.73308
56000 48.5296 -392.474 3.73612
56100 48.5842 -392.904 3.73566
56200 48.6389 -393.524 3.73809
56300 48.6936 -393.465 3.73926
56400 48.7483 -393.784 3.73999
56500 48.8031 -394.022 3.74089
56600 48.8579 -394.166 3.74038
56700 48.9127 -393.5 3.7425
56800 48.9675 -394.51 3.74458
56900 49.0224 -394.337 3.74202
57000 49.0773 -394.245 3.74171
57100 49.1322 -394.365 3.74074
57200 49.1872 -393.332 3.74519
57300 49.2421 -393.811 3.74787
57400 49.2972 -394.301 3.74885
57500 49.3522 -394.33 3.75066
57600 49.4073 -394.595 3.75083
57700 49.4624 -394.655 3.74942
57800 49.5175 -394.823 3.75223
57900 49.5727 -394.801 3.7539
58000 49.6278 -394.875 3.7546
58100 49.6831 -394.855 3.75713
58200 49.7383 -394.64 3.75975
58300 49.7936 -394.878 3.75695
58400 49.8489 -393.87 3.75823
58500 49.9042 -393.99 3.75976
58600 49.9596 -394.152 3.7605
58700 50.0149 -394.28 3.7613
58800 50.0704 -394.679 3.76352
58900 50.1258 -394.613 3.76534
59000 50.1813 -394.718 3.76932
59100 50.2368 -394.605 3.76938
59200 50.2923 -394.832 3.76817
59300 50.3478 -395.244 3.765
59400 50.4034 -395.142 3.76453
59500 50.459 -394.946 3.76551
59600 50.5147 -394.9 3.76368
59700 50.5703 -395.209 3.76359
59800 50.626 -394.934 3.76701
59900 50.6818 -394.836 3.7661
60000 50.7375 -394.962 3.76814
60100 50.7933 -394.969 3.77008
60200 50.8491 -395.195 3.77081
60300 50.9049 -395.233 3.76777
60400 50.9608 -395.224 3.76757
60500 51.0167 -394.98 3.76682
60600 51.0726 -395.029 3.76686
60700 51.1285 -369.68 3.76502
60800 51.1845 -384.943 3.76792
60900 51.2405 -387.81 3.76968
61000 51.2966 -388.381 3.77043
61100 51.3526 -389.713 3.7711
61200 51.4087 -389.146 3.77313
61300 51.4648 -383.039 3.77945
61400 51.5209 -388.667 3.78153
61500 51.5771 -388.855 3.78309
61600 51.6333 -389.111 3.78359
61700 51.6895 -389.442 3.78402
61800 51.7458 -391.731 3.78693
61900 51.802 -391.975 3.78825
62000 51.8583 -392.389 3.78932
62100 51.9147 -392.287 3.78783
62200 51.971 -392.96 3.79027
62300 52.0274 -393.385 3.78767
62400 52.0838 -394.393 3.78743
62500 52.1403 -394.686 3.79126
62600 52.1967 -394.666 3.78745
62700 52.2532 -395.611 3.78577
62800 52.3097 -395.419 3.78523
62900 52.3663 -395.766 3.78726
63000 52.4229 -395.984 3.78683
63100 52.4795 -395.921 3.78782
63200 52.5361 -395.777 3.7888
63300 52.5927 -396.402 3.7916
63400 52.6494 -396.67 3.79357
63500 52.7061 -396.746 3.79625
63600 52.7629 -393.199 3.79344
63700 52.8196 -394.913 3.79341
63800 52.8764 -395.723 3.79401
63900 52.9332 -395.853 3.79462
64000 52.9901 -395.788 3.79696
64100 53.0469 -395.82 3.79804
64200 53.1038 -395.993 3.79608
64300 53.1608 -395.739 3.80003
64400 53.2177 -395.533 3.79995
64500 53.2747 -394.965 3.79912
64600 53.3317 -395.298 3.80242
64700 53.3887 -395.694 3.80288
64800 53.4458 -395.781 3.80345
64900 53.5028 -395.966 3.80564
65000 53.5599 -396.085 3.81047
65100 53.6171 -396.094 3.81269
65200 53.6742 -395.956 3.81546
65300 53.7314 -396.071 3.81361
65400 53.7886 -390.591 3.81361
65500 53.8459 -393.752 3.81456
65600 53.9031 -394.264 3.81537
65700 53.9604 -389.278 3.81571
65800 54.0177 -394.794 3.81737
65900 54.0751 -394.175 3.81595
66000 54.1325 -395.118 3.81483
66100 54.1899 -393.741 3.81454
66200 54.2473 -391.839 3.81378
66300 54.3047 -393.773 3.81566
66400 54.3622 -394.21 3.81506
66500 54.4197 -379.563 3.81421
66600 54.4772 -392.687 3.81344
66700 54.5348 -394.085 3.81344
66800 54.5923 -395.035 3.81809
66900 54.6499 -395.491 3.81822
67000 54.7076 -375.767 3.82045
67100 54.7652 -390.775 3.82136
67200 54.8229 -394.374 3.81984
67300 54.8806 -395.578 3.82038
67400 54.9384 -395.595 3.82101
67500 54.9961 -395.613 3.81996
67600 55.0539 -395.554 3.8171
67700 55.1117 -396.279 3.81683
67800 55.1695 -396.229 3.81725
67900 55.2274 -396.002 3.81655
68000 55.2853 -396.749 3.81768
68100 55.3432 -396.571 3.82098
68200 55.4011 -396.384 3.8212
68300 55.4591 -396.665 3.82242
68400 55.5171 -396.8 3.8238
68500 55.5751 -396.819 3.82094
68600 55.6331 -396.736 3.8207
68700 55.6912 -396.757 3.81819
68800 55.7493 -396.88 3.81661
68900 55.8074 -396.878 3.8164
69000 55.8655 -396.725 3.81269
69100 55.9237 -396.766 3.81269
69200 55.9819 -396.83 3.8145
69300 56.0401 -397.006 3.81473
69400 56.0983 -396.518 3.81122
69500 56.1566 -396.822 3.81205
69600 56.2149 -396.963 3.81546
69700 56.2732 -396.92 3.81409
69800 56.3316 -396.795 3.81606
69900 56.3899 -396.782 3.81649
70000 56.4483 -396.916 3.81401
70100 56.5067 -397.071 3.81541
70200 56.5652 -396.913 3.8168
70300 56.6236 -396.963 3.81793
70400 56.6821 -397.191 3.82185
70500 56.7407 -397.067 3.81889
70600 56.7992 -396.778 3.82419
70700 56.8578 -396.891 3.82326
70800 56.9164 -397.119 3.82166
70900 56.975 -397.159 3.82586
71000 57.0336 -397.127 3.82273
71100 57.0923 -397.186 3.82755
71200 57.151 -397.126 3.82517
71300 57.2097 -397.267 3.82464
71400 57.2684 -397.153 3.82485
71500 57.3272 -397.24 3.82728
71600 57.386 -397.194 3.82823
71700 57.4448 -385.502 3.82951
71800 57.5036 -397.064 3.82759
71900 57.5625 -397.122 3.82992
72000 57.6214 -396.751 3.83328
72100 57.6803 -396.411 3.83612
72200 57.7392 -396.586 3.83303
72300 57.7982 -395.931 3.83332
72400 57.8572 -396.867 3.83347
72500 57.9162 -396.862 3.83782
72600 57.9752 -396.743 3.83636
72700 58.0343 -396.574 3.83393
72800 58.0934 -396.774 3.83634
72900 58.1525 -396.817 3.83849
73000 58.2116 -396.705 3.84121
73100 58.2708 -396.894 3.83902
73200 58.3299 -396.878 3.83781
73300 58.3891 -396.661 3.8422
73400 58.4484 -396.708 3.84139
73500 58.5076 -396.727 3.84134
73600 58.5669 -396.874 3.845
73700 58.6262 -396.72 3.84246
73800 58.6855 -396.729 3.84401
73900 58.7449 -378.446 3.8474
74000 58.8042 -385.683 3.84153
74100 58.8636 -397.316 3.83966
74200 58.9231 -396.508 3.83899
74300 58.9825 -399.074 3.8383
74400 59.042 -399.166 3.83536
74500 59.1015 -399.42 3.83864
74600 59.161 -399.016 3.8359
74700 59.2205 -400.077 3.83236
74800 59.2801 -400.046 3.8335
74900 59.3397 -400.237 3.83183
75000 59.3993 -400.594 3.83193
75100 59.4589 -400.486 3.83303
75200 59.5186 -400.64 3.83566
75300 59.5783 -400.853 3.83898
75400 59.638 -401.014 3.83722
75500 59.6977 -401.079 3.8391
75600 59.7575 -401.079 3.83689
75700 59.8173 -401.073 3.83218
75800 59.8771 -401.17 3.8337
75900 59.9369 -401.186 3.83678
76000 59.9967 -401.142 3.84048
76100 60.0566 -401.216 3.83814
76200 60.1165 -400.349 3.83546
76300 60.1764 -400.703 3.83807
76400 60.2364 -400.87 3.83897
76500 60.2964 -346.404 3.84221
76600 60.3563 -399.669 3.84349
76700 60.4164 -400.587 3.84629
76800 60.4764 -394.981 3.85003
76900 60.5365 -399.922 3.85366
77000 60.5966 -400.479 3.85324
77100 60.6567 -399.917 3.8563
77200 60.7168 -401.161 3.85848
77300 60.777 -401.505 3.85843
77400 60.8371 -401.337 3.85357
77500 60.8973 -401.415 3.8562
77600 60.9576 -401.301 3.85376
77700 61.0178 -401.488 3.85363
77800 61.0781 -401.617 3.85569
77900 61.1384 -401.557 3.85385
78000 61.1987 -401.542 3.85401
78100 61.259 -401.428 3.85317
78200 61.3194 -398.539 3.85239
78300 61.3798 -399.276 3.85135
78400 61.4402 -399.503 3.85056
78500 61.5006 -401.004 3.85085
78600 61.5611 -400.792 3.85294
78700 61.6216 -400.807 3.85514
78800 61.6821 -400.973 3.85527
78900 61.7426 -400.904 3.85539
79000 61.8032 -398.764 3.85949
79100 61.8637 -399.963 3.86276
79200 61.9243 -400.57 3.86571
79300 61.985 -400.684 3.86722
79400 62.0456 -400.924 3.86885
79500 62.1063 -401.11 3.87022
79600 62.167 -401.138 3.86984
79700 62.2277 -401.135 3.87182
79800 62.2884 -401.199 3.87137
79900 62.3492 -401.351 3.8687
80000 62.4099 -401.387 3.86546
80100 62.4707 -401.32 3.86459
80200 62.5316 -401.334 3.86481
80300 62.5924 -401.271 3.86786
80400 62.6533 -401.396 3.868
80500 62.7142 -401.337 3.86732
80600 62.7751 -401.677 3.86849
80700 62.836 -394.082 3.86845
80800 62.897 -399.456 3.87065
80900 62.958 -399.945 3.87004
81000 63.019 -400.356 3.8689
81100 63.08 -400.61 3.86775
81200 63.1411 -400.501 3.87184
81300 63.2021 -400.556 3.86875
81400 63.2632 -400.388 3.87206
81500 63.3244 -400.521 3.86981
81600 63.3855 -400.667 3.86567
81700 63.4467 -400.524 3.8648
81800 63.5079 -400.813 3.86492
81900 63.5691 -400.996 3.86376
82000 63.6303 -400.813 3.86252
82100 63.6915 -400.767 3.86579
82200 63.7528 -400.838 3.8643
82300 63.8141 -401.01 3.86529
82400 63.8754 -400.992 3.87023
82500 63.9368 -401.263 3.87034
82600 63.9982 -401.323 3.86835
82700 64.0595 -401.326 3.8661
82800 64.121 -401.513 3.86771
82900 64.1824 -401.417 3.8657
83000 64.2438 -401.513 3.86811
83100 64.3053 -401.586 3.86501
83200 64.3668 -401.474 3.86606
83300 64.4283 -401.454 3.86727
83400 64.4899 -401.17 3.86557
83500 64.5515 -401.598 3.86472
83600 64.613 -401.535 3.86764
83700 64.6746 -401.57 3.87011
83800 64.7363 -401.521 3.87126
83900 64.7979 -401.667 3.87359
84000 64.8596 -401.487 3.87926
84100 64.9213 -401.422 3.88121
84200 64.983 -401.465 3.88038
84300 65.0448 -401.344 3.8801
84400 65.1065 -401.539 3.88094
84500 65.1683 -401.271 3.88043
84600 65.2301 -401.281 3.87922
84700 65.292 -401.485 3.88127
84800 65.3538 -401.492 3.88274
84900 65.4157 -401.507 3.88178
85000 65.4776 -401.477 3.88096
85100 65.5395 -401.305 3.87917
85200 65.6014 -401.437 3.87961
85300 65.6634 -401.533 3.87967
85400 65.7254 -382.896 3.88129
85500 65.7874 -401.359 3.87647
85600 65.8494 -401.396 3.87759
85700 65.9115 -400.475 3.87817
85800 65.9735 -401.169 3.88129
85900 66.0356 -401.144 3.88181
86000 66.0977 -401.06 3.88367
86100 66.1599 -401.074 3.88164
86200 66.222 -401.174 3.88101
86300 66.2842 -401.17 3.88232
86400 66.3464 -401.148 3.88166
86500 66.4086 -401.239 3.88322
86600 66.4709 -401.161 3.87908
86700 66.5331 -401.684 3.88202
86800 66.5954 -401.8 3.88619
86900 66.6577 -401.81 3.88465
87000 66.7201 -401.292 3.88422
87100 66.7824 -401.723 3.88237
87200 66.8448 -401.341 3.88263
87300 66.9072 -401.326 3.8796
87400 66.9696 -401.691 3.87818
87500 67.032 -389.244 3.87894
87600 67.0945 -401.166 3.88049
87700 67.157 -401.418 3.87875
87800 67.2195 -401.423 3.88088
87900 67.282 -401.72 3.88129
88000 67.3445 -401.627 3.87985
88100 67.4071 -401.475 3.88034
88200 67.4697 -401.384 3.88281
88300 67.5323 -401.39 3.88431
88400 67.5949 -401.513 3.88153
88500 67.6576 -401.565 3.88214
88600 67.7203 -401.514 3.8818
88700 67.7829 -401.583 3.88116
88800 67.8457 -401.444 3.87957
88900 67.9084 -401.517 3.87787
89000 67.9712 -401.64 3.87446
89100 68.0339 -401.779 3.8749
89200 68.0967 -401.686 3.86993
89300 68.1595 -401.478 3.87043
89400 68.2224 -401.263 3.86935
89500 68.2853 -399.641 3.86815
89600 68.3481 -400.506 3.87143
89700 68.411 -400.335 3.87214
89800 68.474 -400.888 3.87158
89900 68.5369 -401.28 3.87168
90000 68.5999 -401.261 3.87327
90100 68.6629 -401.348 3.8724
90200 68.7259 -401.335 3.87774
90300 68.7889 -401.163 3.88031
90400 68.852 -401.341 3.87967
90500 68.915 -401.418 3.8822
90600 68.9781 -401.275 3.88099
90700 69.0412 -400.209 3.88534
90800 69.1044 -400.704 3.88491
90900 69.1675 -400.717 3.88744
91000 69.2307 -390.527 3.88668
91100 69.2939 -394.405 3.88624
91200 69.3571 -394.578 3.88763
91300 69.4204 -395.2 3.88866
91400 69.4836 -396.043 3.89038
91500 69.5469 -396.362 3.89616
91600 69.6102 -396.909 3.89242
91700 69.6735 -397.527 3.88972
91800 69.7369 -397.936 3.88842
91900 69.8002 -398.019 3.88889
92000 69.8636 -398.385 3.89555
92100 69.927 -398.61 3.89354
92200 69.9904 -398.532 3.89167
92300 70.0539 -398.464 3.88807
92400 70.1173 -398.234 3.88784
92500 70.1808 -398.17 3.89039
92600 70.2443 -398.188 3.887
92700 70.3079 -398.27 3.8886
92800 70.3714 -397.772 3.89229
92900 70.435 -398.334 3.89293
93000 70.4986 -398.626 3.88728
93100 70.5622 -398.629 3.88698
93200 70.6258 -398.808 3.88898
93300 70.6895 -398.535 3.88885
93400 70.7531 -398.839 3.89124
93500 70.8168 -398.961 3.89344
93600 70.8805 -397.774 3.89655
93700 70.9443 -398.555 3.89723
93800 71.008 -399.02 3.89472
93900 71.0718 -398.77 3.89068
94000 71.1356 -398.989 3.88799
94100 71.1994 -399.12 3.88641
94200 71.2633 -399.384 3.88896
94300 71.3271 -397.499 3.88685
94400 71.391 -398.243 3.88634
94500 71.4549 -394.161 3.88678
94600 71.5188 -396.41 3.88513
94700 71.5827 -399.018 3.88353
94800 71.6467 -399.629 3.88246
94900 71.7107 -399.499 3.88088
95000 71.7747 -399.547 3.87889
95100 71.8387 -399.811 3.8797
95200 71.9027 -399.777 3.87791
95300 71.9668 -400.064 3.87766
95400 72.0309 -396.585 3.87814
95500 72.095 -398.082 3.87674
95600 72.1591 -398.803 3.876
95700 72.2232 -398.936 3.87838
95800 72.2874 -399.594 3.87556
95900 72.3515 -399.307 3.87452
96000 72.4157 -397.449 3.87626
96100 72.48 -398.692 3.87565
96200 72.5442 -399.23 3.87344
96300 72.6085 -399.714 3.87051
96400 72.6727 -399.533 3.86475
96500 72.737 -399.599 3.86945
96600 72.8014 -399.609 3.86775
96700 72.8657 -399.478 3.87169
96800 72.9301 -399.92 3.8755
96900 72.9944 -400.081 3.87431
97000 73.0588 -400.161 3.87523
97100 73.1233 -400.205 3.87624
97200 73.1877 -400.07 3.8782
97300 73.2522 -400.151 3.88336
97400 73.3166 -400.189 3.88466
97500 73.3811 -400.188 3.88469
97600 73.4456 -398.601 3.88014
97700 73.5102 -399.086 3.87962
97800 73.5747 -399.643 3.87928
97900 73.6393 -399.623 3.88184
98000 73.7039 -399.709 3.87736
98100 73.7685 -399.88 3.87699
98200 73.8332 -399.888 3.87947
98300 73.8978 -399.9 3.88048
98400 73.9625 -399.996 3.8806
98500 74.0272 -400.079 3.88044
98600 74.0919 -400.182 3.87993
98700 74.1567 -400.152 3.87705
98800 74.2214 -400.176 3.87646
98900 74.2862 -398.593 3.8775
99000 74.351 -398.866 3.87728
99100 74.4158 -398.667 3.87437
99200 74.4806 -399.392 3.8741
99300 74.5455 -399.697 3.87256
99400 74.6104 -399.856 3.87095
99500 74.6752 -400.095 3.87121
99600 74.7402 -399.998 3.872
99700 74.8051 -400.006 3.87397
99800 74.87 -400.143 3.87177
99900 74.935 -400.17 3.86853
100000 75 -399.96 3.87105
