100 25.0063 2278.53 2.50606
200 25.0155 2029.39 2.5133
300 25.0263 1995 2.52025
400 25.0382 1939.71 2.52588
500 25.051 1920.6 2.53166
600 25.0646 1901.63 2.53741
700 25.079 1867.07 2.54517
800 25.094 1849.39 2.5516
900 25.1095 1824.02 2.55796
1000 25.1256 1807.81 2.56242
1100 25.1422 1785.33 2.5682
1200 25.1592 1769.01 2.57323
1300 25.1766 1750.24 2.57928
1400 25.1945 1728.78 2.58561
1500 25.2128 1712.59 2.59157
1600 25.2314 1688.75 2.59859
1700 25.2504 1664.69 2.60725
1800 25.2697 1649.11 2.61244
1900 25.2893 1631.98 2.61875
2000 25.3092 1616.99 2.62434
2100 25.3295 1599.12 2.63085
2200 25.35 1579.9 2.63731
2300 25.3709 1562.57 2.64429
2400 25.392 1547.91 2.65001
2500 25.4133 1529.25 2.65615
2600 25.4349 1512.49 2.66277
2700 25.4568 1493.91 2.67076
2800 25.4789 1476.33 2.67808
2900 25.5013 1461.25 2.68441
3000 25.5239 1451.21 2.69126
3100 25.5467 1431.07 2.69744
3200 25.5697 1412.33 2.70484
3300 25.593 1398.05 2.71177
3400 25.6164 1380.52 2.71893
3500 25.6401 1369.24 2.72363
3600 25.664 1357.2 2.72961
3700 25.6881 1341.44 2.73595
3800 25.7123 1341.15 2.74219
3900 25.7368 1314.23 2.75014
4000 25.7615 1302.86 2.75753
4100 25.7863 1288.64 2.76486
4200 25.8113 1267.57 2.77205
4300 25.8365 1252.94 2.77799
4400 25.8619 1234.76 2.78519
4500 25.8875 1223.35 2.79217
4600 25.9132 1202.74 2.79963
4700 25.9391 1188.48 2.80713
4800 25.9651 1173.9 2.81393
4900 25.9913 1167.13 2.82042
5000 26.0177 1153.5 2.82661
5100 26.0443 1138.91 2.83315
5200 26.071 1123.6 2.8403
5300 26.0978 1114.73 2.84571
5400 26.1248 1106.59 2.85241
5500 26.152 1097.36 2.85932
5600 26.1793 1085.61 2.86678
5700 26.2067 1070.73 2.87474
5800 26.2343 1051.9 2.88253
5900 26.2621 1044.83 2.88833
6000 26.2899 1030.52 2.89507
6100 26.3179 1004.39 2.90551
6200 26.3461 991.122 2.91474
6300 26.3744 976.777 2.92187
6400 26.4028 970.209 2.92793
6500 26.4314 956.647 2.93564
6600 26.4601 946.391 2.94306
6700 26.4889 934.232 2.95118
6800 26.5179 918.413 2.96061
6900 26.5469 909.451 2.96846
7000 26.5761 897.685 2.97509
7100 26.6055 879.407 2.98273
7200 26.6349 865.427 2.99141
7300 26.6645 854.823 2.99824
7400 26.6942 852.283 3.00411
7500 26.724 836.646 3.0124
7600 26.754 823.168 3.02034
7700 26.7841 813.14 3.02833
7800 26.8142 799.769 3.03748
7900 26.8445 791.647 3.0453
8000 26.8749 776.894 3.05266
8100 26.9055 764.924 3.06073
8200 26.9361 755.925 3.06889
8300 26.9669 743.16 3.07733
8400 26.9977 728.49 3.08489
8500 27.0287 723.331 3.09225
8600 27.0598 713.834 3.10008
8700 27.091 707.923 3.10563
8800 27.1223 689.398 3.11107
8900 27.1537 684.382 3.11736
9000 27.1852 667.797 3.12379
9100 27.2168 657.845 3.13212
9200 27.2485 660.233 3.13963
9300 27.2803 610.369 3.14591
9400 27.3123 609.817 3.15447
9500 27.3443 625.035 3.16227
9600 27.3764 614.279 3.17051
9700 27.4086 608.819 3.17851
9800 27.441 592.473 3.18869
9900 27.4734 576.885 3.19593
10000 27.5059 556.374 3.2033
10100 27.5386 529.147 3.21171
10200 27.5713 509.314 3.21988
10300 27.6041 502.957 3.22677
10400 27.637 488.558 3.23225
10500 27.67 510.401 3.24208
10600 27.7031 485.916 3.25059
10700 27.7363 386.699 3.25737
10800 27.7696 381.63 3.26708
10900 27.803 346.166 3.27301
11000 27.8365 399.642 3.28186
11100 27.8701 303.953 3.28773
11200 27.9037 265.014 3.29756
11300 27.9375 287.485 3.30629
11400 27.9713 15.534 3.31273
11500 28.0052 -189.454 3.31902
11600 28.0392 -227.429 3.32645
11700 28.0733 -212.923 3.33217
11800 28.1075 -261.083 3.34064
11900 28.1418 -321.833 3.34594
12000 28.1762 -314.456 3.35286
12100 28.2106 -330.996 3.35673
12200 28.2452 -333.037 3.35945
12300 28.2798 -362.27 3.36671
12400 28.3145 -373.813 3.37366
12500 28.3493 -376.143 3.37798
12600 28.3842 -373.453 3.38441
12700 28.4191 -376.876 3.38982
12800 28.4542 -378.518 3.39379
12900 28.4893 -379.195 3.39942
13000 28.5245 -380.262 3.40522
13100 28.5598 -380.726 3.40836
13200 28.5951 -382.212 3.41291
13300 28.6306 -382.781 3.41614
13400 28.6661 -383.671 3.41952
13500 28.7017 -381.267 3.42328
13600 28.7374 -374.626 3.42794
13700 28.7732 -384.983 3.4313
13800 28.809 -386.897 3.43583
13900 28.8449 -387.606 3.44105
14000 28.8809 -388.731 3.44557
14100 28.917 -388.923 3.4474
14200 28.9532 -389.416 3.4506
14300 28.9894 -388.445 3.45138
14400 29.0257 -384.003 3.45211
14500 29.0621 -387.466 3.45467
14600 29.0985 -387.223 3.45892
14700 29.1351 -388.42 3.46633
14800 29.1717 -377.354 3.47163
14900 29.2084 -390.748 3.47085
15000 29.2451 -391.119 3.4731
15100 29.2819 -397.046 3.47391
15200 29.3188 -375.48 3.47619
15300 29.3558 -370.302 3.47988
15400 29.3929 -389.445 3.48291
15500 29.43 -376.022 3.48567
15600 29.4672 -382.373 3.48896
15700 29.5044 -384.194 3.49158
15800 29.5418 -397.869 3.49411
15900 29.5792 -398.472 3.49393
16000 29.6166 -398.685 3.49526
16100 29.6542 -399.384 3.49829
16200 29.6918 -398.821 3.49949
16300 29.7295 -376.124 3.50059
16400 29.7672 -398.298 3.50254
16500 29.8051 -397.445 3.50305
16600 29.843 -398.144 3.50302
16700 29.8809 -401.683 3.50533
16800 29.9189 -401.33 3.50338
16900 29.957 -401.404 3.50672
17000 29.9952 -401.741 3.51013
17100 30.0334 -402.143 3.51071
17200 30.0717 -402.252 3.51189
17300 30.1101 -402.429 3.51347
17400 30.1485 -358.782 3.51306
17500 30.187 -388.584 3.51612
17600 30.2256 -389.41 3.52053
17700 30.2642 -389.763 3.52325
17800 30.3029 -391.135 3.52619
17900 30.3417 -389.742 3.52783
18000 30.3805 -389.621 3.52911
18100 30.4194 -399.884 3.53137
18200 30.4584 -400.665 3.53192
18300 30.4974 -400.771 3.53409
18400 30.5365 -400.877 3.5365
18500 30.5756 -400.792 3.54179
18600 30.6148 -401.519 3.54465
18700 30.6541 -401.359 3.54827
18800 30.6934 -401.778 3.54938
18900 30.7328 -401.38 3.55076
19000 30.7723 -400.963 3.55665
19100 30.8118 -401.404 3.55876
19200 30.8514 -401.663 3.56035
19300 30.8911 -401.696 3.55999
19400 30.9308 -401.33 3.55722
19500 30.9706 -402.382 3.56116
19600 31.0104 -401.957 3.56465
19700 31.0503 -402.047 3.56573
19800 31.0902 -401.83 3.56351
19900 31.1303 -401.738 3.56375
20000 31.1703 -401.88 3.5648
20100 31.2105 -402.097 3.5655
20200 31.2507 -401.926 3.56602
20300 31.2909 -401.654 3.56383
20400 31.3312 -402.152 3.56676
20500 31.3716 -402.46 3.56892
20600 31.4121 -401.678 3.56843
20700 31.4526 -401.685 3.56704
20800 31.4931 -401.969 3.56797
20900 31.5337 -401.412 3.56993
21000 31.5744 -401.16 3.57023
21100 31.6151 -401.686 3.57033
21200 31.6559 -397.165 3.57293
21300 31.6967 -398.979 3.57256
21400 31.7376 -397.388 3.57451
21500 31.7786 -399.696 3.57563
21600 31.8196 -400.165 3.57963
21700 31.8607 -400.422 3.58148
21800 31.9018 -400.123 3.57929
21900 31.943 -400.123 3.57909
22000 31.9842 -396.33 3.5789
22100 32.0255 -396.616 3.5804
22200 32.0669 -399.155 3.58309
22300 32.1083 -399.688 3.58265
22400 32.1498 -400.266 3.58332
22500 32.1913 -400.081 3.58947
22600 32.2329 -400.442 3.59225
22700 32.2745 -400.785 3.5908
22800 32.3162 -365.942 3.59387
22900 32.3579 -399.785 3.59268
23000 32.3997 -400.249 3.59718
23100 32.4416 -400.702 3.60046
23200 32.4835 -400.422 3.60244
23300 32.5255 -400.95 3.60417
23400 32.5675 -400.777 3.60627
23500 32.6095 -399.867 3.60853
23600 32.6517 -400.215 3.60914
23700 32.6938 -400.283 3.60986
23800 32.7361 -400.672 3.61015
23900 32.7783 -401.268 3.61
24000 32.8207 -401.174 3.61388
24100 32.8631 -400.591 3.61339
24200 32.9055 -400.522 3.61681
24300 32.948 -400.311 3.61883
24400 32.9906 -390.693 3.62334
24500 33.0332 -401.466 3.62207
24600 33.0758 -399.304 3.62
24700 33.1185 -375.659 3.62235
24800 33.1613 -393.019 3.62325
24900 33.2041 -398.136 3.62439
25000 33.2469 -398.557 3.62656
25100 33.2898 -398.646 3.63172
25200 33.3328 -367.302 3.63355
25300 33.3758 -394.554 3.6354
25400 33.4189 -397.562 3.63764
25500 33.462 -397.931 3.6328
25600 33.5051 -398.385 3.63302
25700 33.5484 -398.142 3.63452
25800 33.5916 -398.062 3.63568
25900 33.6349 -398.113 3.63797
26000 33.6783 -398.569 3.64179
26100 33.7217 -398.331 3.63927
26200 33.7652 -398.047 3.63985
26300 33.8087 -398.779 3.63883
26400 33.8523 -399.066 3.63976
26500 33.8959 -398.362 3.6411
26600 33.9396 -401.146 3.64306
26700 33.9833 -401.431 3.64241
26800 34.027 -401.454 3.63845
26900 34.0708 -400.591 3.63875
27000 34.1147 -401.217 3.63872
27100 34.1586 -401.198 3.63924
27200 34.2026 -401.023 3.64109
27300 34.2466 -401.119 3.63872
27400 34.2906 -401.187 3.64079
27500 34.3347 -401.073 3.6418
27600 34.3789 -401.084 3.64418
27700 34.4231 -401.103 3.64631
27800 34.4673 -400.882 3.64664
27900 34.5116 -401.215 3.64882
28000 34.556 -397.477 3.64943
28100 34.6004 -398.851 3.64616
28200 34.6448 -398.765 3.6473
28300 34.6893 -398.903 3.64493
28400 34.7338 -398.566 3.64673
28500 34.7784 -398.993 3.65103
28600 34.823 -399.19 3.6535
28700 34.8677 -399.122 3.65402
28800 34.9124 -396.741 3.65448
28900 34.9572 -399.136 3.65888
29000 35.002 -399.641 3.66038
29100 35.0469 -399.203 3.66243
29200 35.0918 -399.082 3.66304
29300 35.1367 -399.171 3.66252
29400 35.1817 -399.153 3.6622
29500 35.2268 -399.168 3.66075
29600 35.2719 -399.364 3.66231
29700 35.317 -399.268 3.65991
29800 35.3622 -399.432 3.6606
29900 35.4074 -399.058 3.65836
30000 35.4527 -399.461 3.65891
30100 35.498 -399.118 3.66042
30200 35.5434 -399.471 3.66119
30300 35.5888 -399.311 3.66337
30400 35.6342 -399.37 3.66254
30500 35.6797 -399.598 3.66369
30600 35.7253 -399.135 3.66213
30700 35.7708 -399.092 3.65868
30800 35.8165 -399.306 3.65772
30900 35.8622 -396.991 3.65852
31000 35.9079 -387.723 3.65931
31100 35.9536 -399.042 3.6604
31200 35.9995 -399.319 3.65791
31300 36.0453 -399.5 3.65554
31400 36.0912 -399.626 3.65458
31500 36.1371 -399.773 3.65686
31600 36.1831 -399.647 3.6571
31700 36.2292 -399.504 3.65591
31800 36.2752 -399.308 3.65679
31900 36.3213 -399.098 3.65739
32000 36.3675 -399.456 3.65693
32100 36.4137 -399.527 3.65646
32200 36.4599 -399.644 3.65709
32300 36.5062 -398.977 3.65686
32400 36.5526 -399.37 3.65755
32500 36.5989 -399.352 3.65473
32600 36.6454 -399.057 3.65503
32700 36.6918 -399.561 3.65396
32800 36.7383 -395.619 3.65197
32900 36.7849 -399.416 3.65112
33000 36.8315 -399.618 3.65205
33100 36.8781 -399.248 3.65059
33200 36.9248 -399.07 3.64993
33300 36.9715 -399.381 3.65594
33400 37.0182 -399.481 3.65635
33500 37.065 -398.832 3.65246
33600 37.1119 -399.86 3.65079
33700 37.1587 -399.763 3.64839
33800 37.2057 -400.893 3.65041
33900 37.2526 -402.931 3.65103
34000 37.2996 -403.489 3.65216
34100 37.3467 -403.808 3.65245
34200 37.3938 -403.699 3.65389
34300 37.4409 -403.871 3.65443
34400 37.4881 -403.749 3.6554
34500 37.5353 -403.168 3.65311
34600 37.5826 -403.556 3.65388
34700 37.6299 -403.088 3.65434
34800 37.6772 -403.375 3.65887
34900 37.7246 -403.593 3.65767
35000 37.772 -403.861 3.65877
35100 37.8194 -403.941 3.65779
35200 37.8669 -403.527 3.65724
35300 37.9145 -403.86 3.65797
35400 37.9621 -403.194 3.65924
35500 38.0097 -403.993 3.65585
35600 38.0573 -404.184 3.65594
35700 38.1051 -404.275 3.65407
35800 38.1528 -403.127 3.65622
35900 38.2006 -403.828 3.65466
36000 38.2484 -403.745 3.6572
36100 38.2963 -405.558 3.65542
36200 38.3442 -406.834 3.65231
36300 38.3921 -406.93 3.6501
36400 38.4401 -354.757 3.65049
36500 38.4881 -402.828 3.6522
36600 38.5362 -404.082 3.6525
36700 38.5843 -390.393 3.65394
36800 38.6324 -404.181 3.65394
36900 38.6806 -404.748 3.65459
37000 38.7288 -404.767 3.65522
37100 38.777 -405.19 3.6563
37200 38.8253 -405.244 3.65475
37300 38.8737 -405.21 3.65323
37400 38.922 -405.15 3.65612
37500 38.9705 -405.306 3.65951
37600 39.0189 -401.125 3.66209
37700 39.0674 -404.556 3.6629
37800 39.1159 -405.061 3.65907
37900 39.1645 -405.001 3.656
38000 39.2131 -405.182 3.65918
38100 39.2617 -405.34 3.66152
38200 39.3104 -404.982 3.6615
38300 39.3591 -405.109 3.66299
38400 39.4079 -404.815 3.66467
38500 39.4567 -402.656 3.66657
38600 39.5055 -403.268 3.66836
38700 39.5544 -403.48 3.66772
38800 39.6033 -403.851 3.6693
38900 39.6523 -405.593 3.6681
39000 39.7012 -405.014 3.66866
39100 39.7503 -405.665 3.66884
39200 39.7993 -405.6 3.67225
39300 39.8484 -405.456 3.67009
39400 39.8976 -405.56 3.66814
39500 39.9467 -405.55 3.66823
39600 39.9959 -405.485 3.66673
39700 40.0452 -405.526 3.66692
39800 40.0945 -405.595 3.66243
39900 40.1438 -405.739 3.66093
40000 40.1932 -406.058 3.66251
40100 40.2426 -405.774 3.66025
40200 40.292 -406.055 3.65916
40300 40.3415 -405.831 3.65644
40400 40.391 -405.964 3.65577
40500 40.4405 -405.924 3.65746
40600 40.4901 -406.02 3.65655
40700 40.5397 -406.098 3.65731
40800 40.5894 -406.056 3.65912
40900 40.639 -406.026 3.6601
41000 40.6888 -406.16 3.66019
41100 40.7385 -406.075 3.66167
41200 40.7883 -406.005 3.66693
41300 40.8382 -406.084 3.66705
41400 40.888 -406.44 3.67237
41500 40.938 -406.273 3.67353
41600 40.9879 -405.923 3.67276
41700 41.0379 -405.808 3.67424
41800 41.0879 -406.107 3.67262
41900 41.1379 -406.108 3.67004
42000 41.188 -406.122 3.67033
42100 41.2382 -406.183 3.66776
42200 41.2883 -406.504 3.66991
42300 41.3385 -406.433 3.66778
42400 41.3887 -406.326 3.66523
42500 41.439 -406.597 3.66856
42600 41.4893 -406.18 3.66785
42700 41.5396 -406.357 3.6678
42800 41.59 -406.314 3.66438
42900 41.6404 -406.291 3.66307
43000 41.6909 -405.903 3.66169
43100 41.7413 -406.02 3.66315
43200 41.7919 -406.33 3.6633
43300 41.8424 -406.322 3.6645
43400 41.893 -406.103 3.66381
43500 41.9436 -399.252 3.66586
43600 41.9943 -406.227 3.66224
43700 42.045 -406.06 3.66311
43800 42.0957 -405.842 3.66133
43900 42.1464 -406.051 3.66409
44000 42.1972 -405.515 3.6623
44100 42.2481 -406.121 3.66073
44200 42.2989 -406.24 3.66009
44300 42.3498 -406.069 3.66004
44400 42.4007 -406.391 3.66225
44500 42.4517 -405.988 3.66342
44600 42.5027 -406.19 3.66092
44700 42.5537 -403.562 3.66135
44800 42.6048 -405.566 3.66079
44900 42.6559 -406.254 3.66278
45000 42.7071 -406.686 3.66632
45100 42.7582 -406.294 3.66218
45200 42.8094 -406.659 3.66344
45300 42.8607 -406.096 3.66298
45400 42.9119 -405.928 3.66237
45500 42.9632 -405.913 3.65977
45600 43.0146 -406.115 3.66013
45700 43.066 -406.249 3.65788
45800 43.1174 -406.065 3.66067
45900 43.1688 -406.439 3.65893
46000 43.2203 -406.249 3.65478
46100 43.2718 -406.223 3.65501
46200 43.3233 -406.182 3.65382
46300 43.3749 -405.895 3.65295
46400 43.4265 -406.05 3.65417
46500 43.4782 -406.156 3.65224
46600 43.5298 -406.068 3.65012
46700 43.5816 -406.422 3.64644
46800 43.6333 -406.348 3.64658
46900 43.6851 -406.673 3.6489
47000 43.7369 -406.388 3.64819
47100 43.7887 -406.2 3.65343
47200 43.8406 -406.388 3.65281
47300 43.8925 -405.534 3.654
47400 43.9444 -406.077 3.65204
47500 43.9964 -406.364 3.65398
47600 44.0484 -405.973 3.65391
47700 44.1005 -406.282 3.65341
47800 44.1525 -406.404 3.65403
47900 44.2046 -406.133 3.6553
48000 44.2568 -406.329 3.65575
48100 44.3089 -406.248 3.65853
48200 44.3612 -406.408 3.66331
48300 44.4134 -406.072 3.66085
48400 44.4657 -406.428 3.66172
48500 44.518 -406.522 3.6605
48600 44.5703 -406.402 3.6603
48700 44.6226 -406.515 3.66212
48800 44.675 -406.369 3.65936
48900 44.7275 -406.488 3.65852
49000 44.7799 -406.501 3.65769
49100 44.8324 -406.244 3.65491
49200 44.885 -406.377 3.65281
49300 44.9375 -406.774 3.6522
49400 44.9901 -406.765 3.65505
49500 45.0427 -406.727 3.65923
49600 45.0954 -396.158 3.66317
49700 45.1481 -402.568 3.6638
49800 45.2008 -403.465 3.66585
49900 45.2535 -403.845 3.6645
50000 45.3063 -403.97 3.66254
50100 45.3591 -403.63 3.66477
50200 45.412 -400.855 3.66388
50300 45.4648 -402.207 3.66674
50400 45.5177 -402.28 3.66553
50500 45.5707 -402.569 3.66653
50600 45.6237 -402.442 3.6652
50700 45.6767 -402.487 3.66596
50800 45.7297 -402.354 3.66586
50900 45.7828 -403.838 3.66874
51000 45.8359 -401.222 3.66935
51100 45.889 -403.065 3.67069
51200 45.9421 -403.166 3.67382
51300 45.9953 -403.25 3.6741
51400 46.0485 -403.005 3.67219
51500 46.1018 -403.381 3.66951
51600 46.1551 -403.227 3.6692
51700 46.2084 -403.408 3.66804
51800 46.2617 -403.577 3.67106
51900 46.3151 -403.439 3.67326
52000 46.3685 -403.313 3.67455
52100 46.422 -403.622 3.67104
52200 46.4754 -402.942 3.67129
52300 46.5289 -403.535 3.67237
52400 46.5824 -400.742 3.67522
52500 46.636 -403.628 3.67241
52600 46.6896 -403.901 3.67041
52700 46.7432 -403.873 3.67166
52800 46.7969 -403.872 3.67195
52900 46.8506 -403.924 3.67525
53000 46.9043 -403.643 3.67296
53100 46.958 -403.656 3.67111
53200 47.0118 -403.829 3.66908
53300 47.0656 -403.882 3.67154
53400 47.1194 -404.098 3.66998
53500 47.1733 -403.695 3.67133
53600 47.2272 -403.632 3.67374
53700 47.2811 -403.882 3.67416
53800 47.3351 -403.737 3.67612
53900 47.389 -404.162 3.67523
54000 47.4431 -403.709 3.67655
54100 47.4971 -404.029 3.67841
54200 47.5512 -403.902 3.68089
54300 47.6053 -402.308 3.68233
54400 47.6594 -403.417 3.68388
54500 47.7136 -403.678 3.68191
54600 47.7678 -403.811 3.68095
54700 47.822 -404.067 3.67929
54800 47.8762 -404.1 3.67899
54900 47.9305 -403.868 3.67748
55000 47.9848 -403.675 3.67552
55100 48.0392 -403.726 3.67194
55200 48.0936 -403.713 3.67099
55300 48.148 -403.657 3.66917
55400 48.2024 -403.963 3.67205
55500 48.2568 -403.765 3.67274
55600 48.3113 -403.757 3.67567
55700 48.3659 -403.982 3.67586
55800 48.4204 -403.933 3.67676
55900 48.475 -395.451 3.67797
56000 48.5296 -399.542 3.67816
56100 48.5842 -400.634 3.67907
56200 48.6389 -400.433 3.68075
56300 48.6936 -401.926 3.68106
56400 48.7483 -402.069 3.67979
56500 48.8031 -402.447 3.68307
56600 48.8579 -402.46 3.68467
56700 48.9127 -402.553 3.68465
56800 48.9675 -402.32 3.68594
56900 49.0224 -402.577 3.68761
57000 49.0773 -402.553 3.6892
57100 49.1322 -402.873 3.68689
57200 49.1872 -402.848 3.68861
57300 49.2421 -401.28 3.68491
57400 49.2972 -401.431 3.68415
57500 49.3522 -402.076 3.68491
57600 49.4073 -402.088 3.68589
57700 49.4624 -401.975 3.68414
57800 49.5175 -402.166 3.68429
57900 49.5727 -402.434 3.68828
58000 49.6278 -402.342 3.69114
58100 49.6831 -402.469 3.69037
58200 49.7383 -402.45 3.69165
58300 49.7936 -402.282 3.69477
58400 49.8489 -402.136 3.69525
58500 49.9042 -402.143 3.69919
58600 49.9596 -402.296 3.69867
58700 50.0149 -402.56 3.7009
58800 50.0704 -402.637 3.69788
58900 50.1258 -402.634 3.69879
59000 50.1813 -402.629 3.6985
59100 50.2368 -402.452 3.69668
59200 50.2923 -402.282 3.69998
59300 50.3478 -402.85 3.70133
59400 50.4034 -402.677 3.69892
59500 50.459 -402.5 3.69611
59600 50.5147 -402.531 3.6951
59700 50.5703 -402.828 3.69637
59800 50.626 -402.627 3.69645
59900 50.6818 -402.285 3.69334
60000 50.7375 -402.421 3.69331
60100 50.7933 -402.679 3.69432
60200 50.8491 -402.198 3.69427
60300 50.9049 -402.12 3.69737
60400 50.9608 -402.31 3.69654
60500 51.0167 -402.367 3.69624
60600 51.0726 -397.897 3.69722
60700 51.1285 -402.189 3.70134
60800 51.1845 -402.631 3.7025
60900 51.2405 -402.804 3.70156
61000 51.2966 -402.917 3.70292
61100 51.3526 -402.664 3.70212
61200 51.4087 -344.853 3.7008
61300 51.4648 -397.98 3.70365
61400 51.5209 -399.001 3.70256
61500 51.5771 -399.372 3.70672
61600 51.6333 -399.232 3.71206
61700 51.6895 -399.203 3.71511
61800 51.7458 -397.91 3.71857
61900 51.802 -399.796 3.71741
62000 51.8583 -399.904 3.72037
62100 51.9147 -400.295 3.72141
62200 51.971 -400.227 3.72582
62300 52.0274 -400.16 3.72515
62400 52.0838 -400.32 3.72539
62500 52.1403 -400.318 3.72513
62600 52.1967 -400.302 3.73009
62700 52.2532 -399.249 3.73056
62800 52.3097 -399.956 3.73254
62900 52.3663 -400.133 3.73146
63000 52.4229 -400.099 3.73227
63100 52.4795 -400.096 3.73215
63200 52.5361 -400.129 3.73289
63300 52.5927 -400.037 3.73469
63400 52.6494 -400.191 3.73229
63500 52.7061 -400.335 3.73185
63600 52.7629 -400.406 3.73454
63700 52.8196 -400.265 3.73521
63800 52.8764 -400.402 3.73834
63900 52.9332 -400.436 3.73947
64000 52.9901 -400.547 3.74082
64100 53.0469 -400.344 3.74194
64200 53.1038 -400.483 3.74008
64300 53.1608 -400.388 3.74079
64400 53.2177 -400.28 3.7423
64500 53.2747 -400.456 3.74203
64600 53.3317 -400.642 3.74396
64700 53.3887 -400.453 3.74622
64800 53.4458 -400.541 3.7474
64900 53.5028 -400.271 3.74752
65000 53.5599 -400.346 3.75033
65100 53.6171 -400.35 3.75169
65200 53.6742 -400.537 3.74977
65300 53.7314 -400.731 3.75264
65400 53.7886 -400.792 3.7551
65500 53.8459 -400.707 3.75575
65600 53.9031 -400.64 3.7547
65700 53.9604 -400.383 3.75728
65800 54.0177 -400.488 3.75688
65900 54.0751 -400.354 3.76329
66000 54.1325 -400.509 3.76561
66100 54.1899 -400.579 3.76332
66200 54.2473 -400.628 3.769
66300 54.3047 -400.556 3.76965
66400 54.3622 -400.45 3.76762
66500 54.4197 -400.528 3.76438
66600 54.4772 -400.539 3.76499
66700 54.5348 -400.315 3.76508
66800 54.5923 -400.015 3.76381
66900 54.6499 -394.583 3.76351
67000 54.7076 -398.496 3.76173
67100 54.7652 -398.309 3.7585
67200 54.8229 -398.485 3.75944
67300 54.8806 -396.695 3.76009
67400 54.9384 -398.396 3.76258
67500 54.9961 -398.654 3.76471
67600 55.0539 -393.84 3.76655
67700 55.1117 -399.362 3.76835
67800 55.1695 -399.677 3.76551
67900 55.2274 -399.791 3.76302
68000 55.2853 -336.703 3.76668
68100 55.3432 -397.762 3.76665
68200 55.4011 -398.623 3.7692
68300 55.4591 -399.411 3.77103
68400 55.5171 -399.303 3.76852
68500 55.5751 -399.541 3.76686
68600 55.6331 -399.721 3.76496
68700 55.6912 -399.744 3.76132
68800 55.7493 -398.833 3.76151
68900 55.8074 -398.38 3.75861
69000 55.8655 -399.644 3.75882
69100 55.9237 -399.921 3.75663
69200 55.9819 -400.109 3.75606
69300 56.0401 -400.069 3.75615
69400 56.0983 -400.064 3.75828
69500 56.1566 -400.299 3.75852
69600 56.2149 -400.045 3.75751
69700 56.2732 -400.239 3.75349
69800 56.3316 -400.306 3.75578
69900 56.3899 -400.321 3.75423
70000 56.4483 -400.148 3.75358
70100 56.5067 -400.332 3.7524
70200 56.5652 -400.286 3.75363
70300 56.6236 -400.159 3.7512
70400 56.6821 -400.293 3.75284
70500 56.7407 -400.081 3.75366
70600 56.7992 -400.427 3.75396
70700 56.8578 -400.708 3.75345
70800 56.9164 -400.58 3.74906
70900 56.975 -400.471 3.74944
71000 57.0336 -400.352 3.75488
71100 57.0923 -400.459 3.753
71200 57.151 -398.588 3.75606
71300 57.2097 -399.665 3.75394
71400 57.2684 -392.714 3.75631
71500 57.3272 -396.723 3.75612
71600 57.386 -397.003 3.75571
71700 57.4448 -397.031 3.75757
71800 57.5036 -396.996 3.75854
71900 57.5625 -397.15 3.75811
72000 57.6214 -396.973 3.75768
72100 57.6803 -397.202 3.7593
72200 57.7392 -397.266 3.75719
72300 57.7982 -395.888 3.75804
72400 57.8572 -396.71 3.75712
72500 57.9162 -397.015 3.76115
72600 57.9752 -393.476 3.75836
72700 58.0343 -396.298 3.7594
72800 58.0934 -396.861 3.75713
72900 58.1525 -330.285 3.7563
73000 58.2116 -398.465 3.75793
73100 58.2708 -398.859 3.75505
73200 58.3299 -398.874 3.75397
73300 58.3891 -399.148 3.75686
73400 58.4484 -399.494 3.75491
73500 58.5076 -399.582 3.75298
73600 58.5669 -400.015 3.75699
73700 58.6262 -399.792 3.7554
73800 58.6855 -399.89 3.75575
73900 58.7449 -399.805 3.75493
74000 58.8042 -399.735 3.75366
74100 58.8636 -400.127 3.75363
74200 58.9231 -400.227 3.75085
74300 58.9825 -400.244 3.74987
74400 59.042 -400.213 3.74993
74500 59.1015 -400.255 3.74708
74600 59.161 -400.299 3.74699
74700 59.2205 -400.322 3.74706
74800 59.2801 -400.198 3.74878
74900 59.3397 -400.325 3.75145
75000 59.3993 -400.294 3.74929
75100 59.4589 -400.204 3.74844
75200 59.5186 -400.278 3.75046
75300 59.5783 -400.429 3.74904
75400 59.638 -400.39 3.74856
75500 59.6977 -400.562 3.74678
75600 59.7575 -400.612 3.74674
75700 59.8173 -400.704 3.74566
75800 59.8771 -400.401 3.74626
75900 59.9369 -400.203 3.74788
76000 59.9967 -399.793 3.74854
76100 60.0566 -400.075 3.74688
76200 60.1165 -399.895 3.74709
76300 60.1764 -400.027 3.74877
76400 60.2364 -400.275 3.74912
76500 60.2964 -400.515 3.7477
76600 60.3563 -401.837 3.74652
76700 60.4164 -401.728 3.74436
76800 60.4764 -402.043 3.74142
76900 60.5365 -402.068 3.73742
77000 60.5966 -402.069 3.73735
77100 60.6567 -402.093 3.74053
77200 60.7168 -401.986 3.73894
77300 60.777 -402.237 3.73958
77400 60.8371 -402.136 3.74002
77500 60.8973 -402.146 3.74257
77600 60.9576 -402.096 3.73931
77700 61.0178 -402.099 3.73579
77800 61.0781 -402.142 3.73781
77900 61.1384 -401.087 3.73858
78000 61.1987 -401.78 3.73813
78100 61.259 -401.711 3.73694
78200 61.3194 -401.363 3.73534
78300 61.3798 -401.91 3.73418
78400 61.4402 -402.052 3.73304
78500 61.5006 -401.795 3.73339
78600 61.5611 -401.924 3.73277
78700 61.6216 -402.004 3.73378
78800 61.6821 -402.135 3.73586
78900 61.7426 -402.287 3.73512
79000 61.8032 -402.322 3.73669
79100 61.8637 -402.168 3.73552
79200 61.9243 -402.161 3.73146
79300 61.985 -402.103 3.73364
79400 62.0456 -402.167 3.73498
79500 62.1063 -402.307 3.7332
79600 62.167 -402.288 3.73475
79700 62.2277 -402.302 3.7358
79800 62.2884 -402.014 3.73627
79900 62.3492 -402.09 3.7365
80000 62.4099 -382.509 3.73798
80100 62.4707 -400.927 3.73737
80200 62.5316 -401.272 3.73846
80300 62.5924 -401.966 3.74228
80400 62.6533 -399.878 3.74125
80500 62.7142 -400.129 3.73872
80600 62.7751 -400.633 3.73749
80700 62.836 -400.833 3.73522
80800 62.897 -400.976 3.7326
80900 62.958 -400.868 3.73128
81000 63.019 -400.509 3.73366
81100 63.08 -400.527 3.73296
81200 63.1411 -400.856 3.73517
81300 63.2021 -400.913 3.73595
81400 63.2632 -400.831 3.73634
81500 63.3244 -400.808 3.73993
81600 63.3855 -400.998 3.74124
81700 63.4467 -400.945 3.7399
81800 63.5079 -400.888 3.73595
81900 63.5691 -400.898 3.7339
82000 63.6303 -400.414 3.7358
82100 63.6915 -400.827 3.73343
82200 63.7528 -400.758 3.73541
82300 63.8141 -400.855 3.73488
82400 63.8754 -400.884 3.73173
82500 63.9368 -400.894 3.73241
82600 63.9982 -401.032 3.73282
82700 64.0595 -400.99 3.73258
82800 64.121 -400.979 3.72861
82900 64.1824 -400.846 3.72257
83000 64.2438 -400.805 3.72181
83100 64.3053 -400.768 3.72057
83200 64.3668 -400.72 3.71883
83300 64.4283 -400.906 3.71788
83400 64.4899 -400.867 3.71867
83500 64.5515 -400.815 3.71927
83600 64.613 -400.562 3.71735
83700 64.6746 -400.779 3.71741
83800 64.7363 -400.698 3.71958
83900 64.7979 -400.97 3.71925
84000 64.8596 -401.048 3.72072
84100 64.9213 -401.061 3.72034
84200 64.983 -401.008 3.72433
84300 65.0448 -401.19 3.7288
84400 65.1065 -401.086 3.72517
84500 65.1683 -400.925 3.72689
84600 65.2301 -401.171 3.73067
84700 65.292 -401.063 3.73148
84800 65.3538 -399.031 3.72968
84900 65.4157 -400.26 3.72619
85000 65.4776 -400.713 3.72435
85100 65.5395 -400.617 3.72608
85200 65.6014 -400.815 3.72234
85300 65.6634 -400.8 3.72213
85400 65.7254 -400.884 3.72331
85500 65.7874 -401.029 3.72312
85600 65.8494 -401.017 3.72026
85700 65.9115 -400.902 3.72122
85800 65.9735 -400.736 3.72507
85900 66.0356 -400.877 3.7219
86000 66.0977 -400.815 3.72301
86100 66.1599 -395.081 3.72396
86200 66.222 -398.808 3.72448
86300 66.2842 -398.109 3.72597
86400 66.3464 -399.135 3.7255
86500 66.4086 -399.628 3.72329
86600 66.4709 -399.761 3.72546
86700 66.5331 -399.995 3.72538
86800 66.5954 -397.502 3.7269
86900 66.6577 -399.405 3.72456
87000 66.7201 -399.606 3.72555
87100 66.7824 -399.71 3.72782
87200 66.8448 -400.358 3.73024
87300 66.9072 -400.434 3.73033
87400 66.9696 -399.318 3.73056
87500 67.032 -400.256 3.73217
87600 67.0945 -399.318 3.73051
87700 67.157 -400.112 3.7282
87800 67.2195 -400.104 3.72747
87900 67.282 -400.527 3.72507
88000 67.3445 -400.5 3.72456
88100 67.4071 -398.495 3.72517
88200 67.4697 -400.084 3.7272
88300 67.5323 -400.103 3.72493
88400 67.5949 -400.041 3.72471
88500 67.6576 -400.214 3.72396
88600 67.7203 -400.537 3.72484
88700 67.7829 -400.446 3.7269
88800 67.8457 -400.424 3.72602
88900 67.9084 -400.483 3.72634
89000 67.9712 -400.489 3.7256
89100 68.0339 -400.663 3.72655
89200 68.0967 -400.903 3.72327
89300 68.1595 -400.642 3.71981
89400 68.2224 -400.738 3.71894
89500 68.2853 -400.876 3.72201
89600 68.3481 -400.756 3.72259
89700 68.411 -400.779 3.72523
89800 68.474 -400.687 3.72782
89900 68.5369 -400.718 3.72656
90000 68.5999 -400.625 3.72449
90100 68.6629 -400.389 3.72315
90200 68.7259 -400.372 3.72176
90300 68.7889 -400.287 3.72155
90400 68.852 -398.479 3.72197
90500 68.915 -399.911 3.72493
90600 68.9781 -400.409 3.7238
90700 69.0412 -400.678 3.72376
90800 69.1044 -400.334 3.72111
90900 69.1675 -400.763 3.71847
91000 69.2307 -400.856 3.71182
91100 69.2939 -399.258 3.71327
91200 69.3571 -400.4 3.71713
91300 69.4204 -400.559 3.71555
91400 69.4836 -400.679 3.71734
91500 69.5469 -400.764 3.71817
91600 69.6102 -400.95 3.71885
91700 69.6735 -400.852 3.71968
91800 69.7369 -400.351 3.72027
91900 69.8002 -400.796 3.719
92000 69.8636 -400.941 3.71706
92100 69.927 -400.976 3.71881
92200 69.9904 -401.016 3.72098
92300 70.0539 -400.667 3.72249
92400 70.1173 -399.143 3.72218
92500 70.1808 -399.787 3.72037
92600 70.2443 -400.374 3.71902
92700 70.3079 -400.427 3.71853
92800 70.3714 -400.488 3.72051
92900 70.435 -400.336 3.72083
93000 70.4986 -400.13 3.71985
93100 70.5622 -400.811 3.72086
93200 70.6258 -401.142 3.72215
93300 70.6895 -401.199 3.72174
93400 70.7531 -401.248 3.718
93500 70.8168 -401.316 3.71797
93600 70.8805 -401.309 3.71519
93700 70.9443 -400.901 3.71364
93800 71.008 -401.204 3.71619
93900 71.0718 -401.149 3.71752
94000 71.1356 -401.329 3.71483
94100 71.1994 -401.321 3.71349
94200 71.2633 -401.433 3.71345
94300 71.3271 -401.56 3.71391
94400 71.391 -401.415 3.71323
94500 71.4549 -401.351 3.71292
94600 71.5188 -401.378 3.71152
94700 71.5827 -401.386 3.71458
94800 71.6467 -401.705 3.71208
94900 71.7107 -401.64 3.71367
95000 71.7747 -401.629 3.7142
95100 71.8387 -401.596 3.71613
95200 71.9027 -401.588 3.71559
95300 71.9668 -401.756 3.71361
95400 72.0309 -401.829 3.71751
95500 72.095 -401.754 3.71723
95600 72.1591 -401.925 3.71587
95700 72.2232 -401.737 3.71911
95800 72.2874 -401.758 3.71821
95900 72.3515 -402.036 3.71944
96000 72.4157 -402.155 3.71979
96100 72.48 -402.217 3.72068
96200 72.5442 -402.137 3.7171
96300 72.6085 -401.847 3.7149
96400 72.6727 -401.984 3.71203
96500 72.737 -402.092 3.71131
96600 72.8014 -400.838 3.71083
96700 72.8657 -401.937 3.71037
96800 72.9301 -402.093 3.7101
96900 72.9944 -401.867 3.70894
97000 73.0588 -402.043 3.70976
97100 73.1233 -401.99 3.71112
97200 73.1877 -402.169 3.71372
97300 73.2522 -401.989 3.71214
97400 73.3166 -401.994 3.70952
97500 73.3811 -402.098 3.70596
97600 73.4456 -401.117 3.7067
97700 73.5102 -395.227 3.70353
97800 73.5747 -396.736 3.70516
97900 73.6393 -396.921 3.70456
98000 73.7039 -397.112 3.70518
98100 73.7685 -394.33 3.70629
98200 73.8332 -399.31 3.70521
98300 73.8978 -400.665 3.7043
98400 73.9625 -400.751 3.70598
98500 74.0272 -400.949 3.70698
98600 74.0919 -401.437 3.70836
98700 74.1567 -401.495 3.70693
98800 74.2214 -401.505 3.70845
98900 74.2862 -401.508 3.70424
99000 74.351 -400.513 3.70474
99100 74.4158 -401.37 3.69764
99200 74.4806 -401.548 3.69863
99300 74.5455 -401.641 3.69913
99400 74.6104 -401.769 3.70203
99500 74.6752 -402.135 3.70372
99600 74.7402 -401.907 3.70391
99700 74.8051 -401.966 3.70399
99800 74.87 -400.95 3.70613
99900 74.935 -401.858 3.70768
100000 75 -402.2 3.70514
